20285 707
9
2
53
25
33
47
53
27
16
1
26
70
35
10
4
73
50
36
61
75
62
57
8
1
41
17
46
72
16
2
60
12
72
53
46
10
4
75
15
51
26
19
1
20
31
6
47
5
27
30
52
40
1
35
36
39
5
79
24
21
14
63
61
17
29
52
7
41
43
48
26
33
50
18
63
5
75
31
15
44
76
36
31
48
25
46
5
72
62
42
25
39
23
5
47
75
35
36
39
29
6
28
18
54
34
22
75
3
75
70
30
13
54
19
60
16
32
42
12
41
54
34
59
35
14
22
18
16
33
59
61
51
30
61
3
3
30
8
8
70
11
53
50
13
36
23
7
44
12
23
1
79
39
53
14
30
24
32
59
40
25
39
56
54
21
70
18
70
10
7
79
18
7
14
61
17
54
8
41
79
75
79
13
35
36
76
12
23
47
6
12
14
50
70
60
8
15
29
33
6
20
2
33
51
54
40
41
44
35
58
10
29
61
15
47
49
54
32
62
61
58
13
27
13
44
55
54
55
56
29
16
44
48
25
17
49
33
27
12
45
35
49
45
51
16
51
30
19
40
54
31
10
3
62
49
26
52
73
5
61
58
6
32
63
19
13
39
76
59
60
45
9
26
58
2
14
26
23
12
33
35
43
73
74
33
1
76
26
18
44
76
8
54
38
8
34
20
9
72
50
54
25
7
56
1
1
16
50
39
24
55
32
29
61
22
52
48
4
44
79
59
7
11
63
38
50
31
38
61
9
28
31
22
58
22
72
19
8
54
9
39
61
41
2
56
54
48
57
79
3
35
59
56
15
62
39
30
36
53
15
9
70
55
17
36
73
6
54
24
75
22
37
58
43
6
56
38
57
7
42
38
73
14
50
59
26
55
37
3
11
47
42
40
34
75
2
73
10
31
76
54
6
22
26
57
43
19
31
40
71
48
28
43
10
47
59
48
47
41
28
45
61
18
26
63
32
71
31
8
61
11
47
20
49
5
31
63
22
38
40
74
75
23
9
30
2
47
1
52
24
70
23
31
24
46
74
3
71
21
2
20
14
73
54
3
28
23
31
50
11
5
52
4
9
49
28
31
34
58
62
75
39
53
40
24
20
51
26
53
44
71
18
74
48
14
51
20
19
4
50
76
62
48
59
24
53
2
79
10
27
19
79
42
33
44
9
44
38
52
12
43
32
37
75
61
6
76
46
47
43
23
25
50
5
6
47
56
1
61
33
70
43
57
76
50
53
39
75
42
17
35
37
36
10
70
40
58
52
40
51
20
48
27
42
36
50
70
60
6
5
21
59
76
36
15
1
21
36
41
5
22
8
10
6
32
42
9
11
13
35
17
10
1
29
51
58
37
54
3
37
32
51
7
14
2
47
9
25
72
47
48
76
5
28
19
24
1
61
24
6
10
52
41
15
26
76
58
34
35
20
2
6
48
58
2
11
43
35
79
26
39
26
24
18
58
32
6
4
13
62
21
37
16
34
56
56
27
53
11
62
28
36
1
35
62
46
10
10
71
62
60
3
59
74
71
63
22
45
50
76
35
41
57
10
17
22
59
19
41
72
28
47
71
63
54
55
18
2
59
41
6
76
36
42
33
58
15
