9876
1300
3786
5926
2627
6579
5461
4296
6670
1868
2392
1220
5753
4015
5503
1423
3722
4147
2720
2434
209
2087
2638
4608
3512
697
1703
2376
1403
4844
2499
380
6215
2058
1557
6668
6243
4747
1306
2938
1937
684
4805
6454
1836
6953
6571
5487
5644
117
3136
4250
2942
4036
1911
2129
5886
47
3997
6413
2240
3700
5779
5133
4152
4362
4904
3647
2001
2710
2600
1096
5522
3430
1173
1384
2962
3206
454
3427
6186
6887
1187
3166
5849
1135
4888
4894
637
6878
6093
5237
1543
5660
991
638
2607
652
2014
3655
3837
73
4939
5986
2298
2536
2873
769
6058
6793
2100
1607
4056
1598
1781
2223
6345
1576
4328
822
5858
4008
1104
4288
415
6584
1626
6969
3294
4032
5390
6797
3646
6403
4784
1553
4503
1548
5999
2082
6509
6921
4226
1684
4640
5139
1616
77
5746
902
5643
2061
3309
3346
5957
6096
523
650
3651
4474
4846
3772
3539
3221
873
423
4285
1404
6890
6684
6898
1402
235
5358
1092
4188
5755
4248
5751
1005
6327
2430
26
486
3929
1799
732
3751
3149
2299
2347
4628
363
4235
4696
36
6713
4844
1248
6813
1269
6592
5697
230
6480
6589
5036
6010
4234
539
6235
4244
1875
232
3313
6254
4829
2648
6714
4788
3578
2126
1168
743
4655
4499
3256
2893
2339
2055
2358
3171
3399
5046
4228
2457
4670
504
2325
5014
3090
4159
1257
1460
602
2123
6624
4097
13
163
1004
4015
3716
4620
123
2204
5114
5404
5157
6205
6287
4861
5579
5401
3745
833
4380
4909
3521
1687
3917
6755
3023
622
5667
692
1876
2571
3902
5481
5310
5775
407
978
4333
6534
974
1015
3675
1908
4038
6651
1592
5904
6077
358
3167
768
6474
1162
233
4417
6602
902
77
5143
2865
2727
6000
5015
486
2051
5136
2586
197
2179
595
1599
6937
2838
5775
3757
5148
1894
2161
1718
6461
2605
2727
4435
201
4881
2807
3478
1073
587
2781
5108
1769
4528
1526
4025
4761
5302
3780
1454
3468
4043
5980
1065
2376
6571
6547
4472
1076
512
3503
5079
5026
2843
3755
1421
6671
3475
3449
1646
4928
6813
2833
778
4255
2043
2187
6373
1232
4272
1086
5147
5000
1813
6156
590
3346
3684
152
3634
922
3309
5896
232
1533
2672
6586
2125
2653
4818
3021
1584
6953
3749
2259
66
4020
6641
6799
2486
2352
2740
2639
4865
4663
1840
1855
145
1260
4142
1883
4462
1195
6875
851
506
519
813
1633
5132
2916
6829
1856
887
4498
890
28
1225
6160
5249
6450
2432
984
115
5221
6788
5682
6669
1748
6307
3840
5696
4060
3611
4360
3011
511
6721
304
4259
6854
164
2569
1731
5195
4757
3279
81
2060
5506
4905
3580
4583
3926
296
1324
5375
2516
1395
1172
4293
6911
3871
3519
789
3049
1120
4649
1907
3843
4602
3506
6004
3435
4237
5320
2636
2399
130
225
6291
6210
3253
4710
2658
1875
2700
5351
10
3713
3387
4457
3659
845
1580
3060
5775
626
4700
2237
5748
5555
3084
992
4909
5590
2512
3647
5268
5771
6455
4058
4035
6586
1632
5953
6004
2384
333
2253
5840
818
2628
3830
2017
5566
3568
5811
1288
1175
4534
5731
3568
774
1270
655
2413
2797
2689
2360
2968
3970
6235
522
5140
3070
2365
1327
3200
5219
615
2176
1149
4634
6884
3991
3694
1637
4542
6130
2582
2672
3468
818
2035
6258
1368
4301
2856
2192
5642
3420
549
6413
3789
794
2092
6820
1755
1559
675
6706
3388
4550
6352
2109
1458
3627
3962
5511
2497
4489
6246
4303
6879
4201
4803
6353
2105
5222
3746
1842
1243
5932
455
4700
3078
1059
3795
286
4209
4784
5726
4121
6345
6035
3270
6431
5307
3129
5458
1200
3120
2436
1358
5784
6905
6593
6583
6301
550
183
6461
37
1203
5876
6730
4029
582
584
122
6162
4857
2006
5942
171
5893
3811
877
3651
6673
2433
1527
4340
3113
5921
4224
1011
1319
2592
1685
2534
4293
4834
6269
1642
3073
319
560
5532
4772
3589
3727
2434
101
276
1385
1192
5040
4464
4784
6788
4186
1312
3200
3253
6238
674
5901
6745
4572
1798
6067
879
585
6980
5966
3208
1356
462
1679
4983
358
6438
3877
6974
3412
5672
5398
3491
1739
6889
5858
5538
6838
6545
4919
147
2399
5671
1425
3317
5078
4532
3683
583
2195
2127
2842
1289
6521
4850
1486
4144
1356
6566
2494
5973
2591
2790
6443
2434
5297
600
4007
264
4482
6949
1673
3860
427
1613
1789
3895
1717
6151
3199
2510
561
6402
898
526
6673
6640
2487
141
2160
5552
6223
6864
3062
3034
5842
1899
5138
928
3370
2712
2233
149
4362
2221
3782
6796
2264
3091
5714
4659
2483
1806
6638
4231
5685
1207
1520
3632
2285
4626
881
1728
3073
3167
1782
249
1313
4514
5401
1614
2539
1589
3634
2853
719
135
817
3250
5844
1090
4254
1217
5738
271
6390
4299
4269
400
2825
3602
2754
2679
1826
975
5055
6856
2547
419
5139
6882
3806
6266
2756
3574
550
2871
4845
4930
3819
1887
4582
3079
5193
3487
6460
1174
6845
737
5158
1335
627
3393
5101
3816
6389
4338
4292
3584
6190
139
1161
3003
6636
6204
1071
4105
4054
5744
1674
2809
2772
4793
5407
3395
2817
3275
850
6462
83
629
399
5457
3594
1573
6157
1555
4883
5097
5004
5320
2033
446
3867
3113
6207
747
6852
517
5032
1689
6474
1279
3444
5478
6145
5553
5892
880
2011
3216
4454
1060
1790
3929
1764
2848
1956
4546
116
1007
5767
5368
3668
450
6564
2219
220
1011
5019
4536
392
6103
749
5622
3956
4114
4841
3163
613
6000
1658
4357
2261
5401
6296
4000
6978
6280
2621
2400
4822
1105
2345
3808
3587
76
610
1793
2852
1095
3054
109
1344
3698
3297
3306
1840
6527
2345
1436
1320
371
2455
2354
4765
2346
5888
4062
1009
152
5336
5302
3928
6717
3979
3213
6907
4742
3903
2565
2238
2180
1327
2001
5943
3698
1777
3547
3043
4851
5873
2604
6813
6294
6321
279
3232
6924
47
4704
4836
4175
6593
6153
3754
4244
6986
793
6000
3422
1019
5815
6013
149
369
4532
4339
6040
4134
4969
5347
6815
640
1737
423
4817
4028
2891
5390
1372
5578
510
6096
3780
320
2699
2326
220
2648
5513
1888
1272
4312
5212
367
624
5458
6225
5607
695
4749
6803
2445
3299
3179
6793
6839
2664
2881
1548
2403
1809
3478
2853
4744
5922
5298
6194
3078
2320
3977
5721
5957
526
770
3338
2632
6083
1872
3787
6204
2553
1730
824
986
6885
4199
6477
4019
6700
6947
6330
6820
5549
5643
5794
4020
2302
1925
6357
2425
6383
6775
4634
3933
2674
3055
2149
2113
1142
6382
6355
4238
2297
4400
351
578
5651
4569
933
1389
6742
6185
3425
3122
5441
878
6923
6752
1200
3506
3551
6187
4287
6866
1164
3789
5839
5747
6162
4757
3693
5490
2449
3244
201
3101
5405
4557
3462
1330
34
3469
3909
894
1091
2532
2593
4307
542
5958
3384
6665
2726
2300
5197
4004
4174
2804
496
3956
301
2244
2504
602
3099
223
2793
4724
5282
3266
6385
4331
2838
3836
4928
3279
4736
3475
5604
281
3003
2003
3291
4573
971
4624
5832
5638
3591
4058
462
3810
6826
1781
6807
4169
5448
3114
5953
947
5820
3440
4045
5524
1547
6717
3918
2725
2144
6574
5488
5698
325
3257
5852
1593
5674
1942
6381
6777
5249
6479
6347
4045
5560
5028
2581
4421
2611
6642
3446
1868
6589
4276
4000
4657
1539
4042
3896
133
6132
5311
5078
4737
1642
1636
5942
6385
5942
1065
2045
6812
3477
200
1222
879
4966
384
5814
2750
4287
3555
3358
3622
212
3489
3384
4441
3643
2633
5735
1968
83
3555
5366
284
6156
6446
2174
3463
6164
824
4104
5893
6828
2247
1447
4207
1845
238
1653
4322
168
5700
6716
4248
6189
992
5447
6614
6192
4996
1938
1364
4679
1867
158
6846
2101
2971
5629
1374
5624
3693
1679
2064
2520
2479
6678
5681
2151
401
2943
953
6260
1483
6911
150
5128
132
231
6563
5078
3242
204
5588
2688
398
660
6981
991
4553
1022
1162
4123
1134
2846
2145
5496
3967
998
2779
4825
2943
3440
1405
4546
5849
155
4284
4793
5830
2225
6142
4579
5327
6637
6044
5679
4612
1148
5364
932
2442
1830
1327
4162
2692
2948
6347
63
6791
4308
6391
4650
2093
5476
3346
168
3378
4011
6825
5112
5202
1581
1815
4165
3342
5654
300
3963
3640
1920
6082
4188
1673
2147
5105
6493
3315
2250
6267
6785
2084
2281
3086
3775
5813
2105
6813
4794
6878
4766
4801
5985
1924
906
4866
2626
2049
4105
1110
548
3383
2941
4785
2563
5648
3014
4477
3495
5670
6379
4716
5607
3207
3359
80
2143
3436
6270
4774
4204
2353
5324
1856
1026
3303
871
3622
5097
5035
3438
1956
2217
4156
3342
2826
277
3600
2567
6810
5275
6435
3344
934
1274
3598
5803
4921
3924
5176
6126
4938
6805
4973
6739
581
1953
5985
2335
6168
6001
1134
5100
5903
2360
235
351
6893
5610
2088
5242
4169
899
6487
514
5948
4973
3798
1905
2531
6056
4142
3231
316
1867
564
5536
1188
2849
4208
2171
3604
355
3398
5719
5764
2417
2360
3657
4586
6583
4137
1780
4037
4593
6686
226
6402
3531
3183
5187
3131
2382
6703
621
1172
4833
6892
6915
4060
6746
14
5254
385
3672
932
5250
2815
6030
4613
4024
5796
2010
910
6158
1146
5322
1911
2260
1841
4393
3885
1794
2292
5961
4948
6277
2229
385
1563
5394
6885
2777
3265
2454
1541
4284
3935
646
1341
3522
165
6062
4460
6574
5330
3534
1101
1978
4490
997
1965
5888
6506
6739
2169
2907
3347
2779
53
5470
1061
5853
179
2445
6666
719
4355
4633
3392
6268
4362
4084
416
1773
724
2540
4157
4403
3277
241
6341
6824
91
6956
2005
3485
6972
561
2934
1248
2387
2245
5303
6060
945
4465
6276
6328
5717
3794
5750
2173
4505
6333
5986
348
3692
308
4565
3147
6177
5045
5765
3839
6701
4663
3172
4126
2197
1697
2518
233
3672
1154
6221
1165
2463
757
3117
2666
5658
648
5053
3608
4626
498
4403
5955
3676
3630
5882
2933
6252
3356
676
3911
5964
4641
5799
6668
2398
4301
1375
2715
2310
6871
830
139
2947
463
3843
1911
6017
2345
1245
5398
153
1534
850
3767
5382
6447
6659
3225
555
2767
2707
449
5675
311
3550
280
5206
3187
5334
2882
387
3300
1366
1917
551
5620
1137
1679
821
1477
3886
5422
6165
3042
437
1248
2722
4327
4554
3481
5689
1106
4004
5319
3312
4365
4838
1470
5591
392
949
2047
3747
58
4131
4187
2254
2200
3395
5272
2567
2486
4097
3609
1640
287
6763
4181
3769
4197
6021
2126
4949
6600
1356
6969
1527
3088
6161
2478
6785
695
2347
979
497
6765
525
1509
4532
5108
5758
5039
4094
127
639
4282
2680
4017
1683
691
3279
3823
6320
4807
1969
6822
3680
2754
849
6173
4011
6550
5989
1661
2355
6224
677
1112
6200
1663
1113
3325
4298
2517
4783
448
4251
3379
4794
3145
5307
4523
6977
4027
1210
5967
4902
6217
5588
5790
4005
3208
1124
5893
2076
5646
1656
5890
6417
2690
4978
4847
5124
994
2476
5476
575
1201
2476
3431
613
6444
109
3014
4213
3943
3309
1830
6823
5117
4671
167
79
4212
856
3013
4237
1655
5203
4015
1429
5833
1580
1979
749
749
3243
3064
5612
4781
2307
535
5996
4108
4857
4298
4154
5427
5442
3171
1528
1382
1257
6798
6157
2338
3514
2413
1771
819
4802
3917
3531
1405
1494
1043
1776
3487
2813
1453
5950
4162
5724
4540
2358
2578
5704
1301
6566
931
4748
210
4111
2004
1241
3835
1222
4418
2447
5615
4904
5177
6894
5200
4131
4213
160
6882
3194
1823
5826
1425
4869
4654
3301
1978
1502
5917
3152
2358
963
4215
2966
4331
5759
2431
3618
655
1592
215
2171
5916
4750
1534
2881
843
2041
1603
463
3786
4754
5544
5781
5951
6410
6006
4249
153
5518
3824
6726
1912
3717
4846
1542
5268
4754
6565
4859
6573
2751
5249
5813
5636
6291
658
4115
2915
4249
4783
5054
923
5071
1855
4425
1206
314
1834
3642
4398
4140
1846
6391
5368
1504
6274
4221
340
1681
6436
4331
4104
4999
4776
5031
3715
1973
3031
594
1234
1770
1392
1338
1800
3686
283
4987
1028
6549
3467
3569
4931
6318
3551
5172
4805
3192
2345
316
4646
5689
4935
4879
5051
4766
6272
6186
1383
4093
6106
2224
4076
1517
3148
5194
1643
2698
105
534
1885
6763
5793
3357
3571
1808
2955
1117
4793
4299
4735
1477
4466
3372
2807
3114
2448
3967
79
3851
2384
4840
89
3937
2157
5587
170
6523
1034
510
5382
899
4835
5878
4190
3548
2274
3069
6739
3871
400
6187
576
900
4540
2152
2488
4376
3822
1781
4322
599
5301
3066
191
6319
4839
559
4778
1113
4422
2861
3379
3978
3546
2038
5765
1725
1678
4978
2418
77
3462
6237
3831
2610
2041
1199
4996
4203
308
2474
6401
2758
2436
2273
4954
1654
3470
4850
4124
6251
5755
1167
599
4856
6071
3372
2362
1033
1681
1867
4339
4022
3406
2715
5226
4383
687
4240
2337
5074
6887
1387
2838
3990
4320
2494
1829
6550
670
5437
122
2246
4327
2561
2587
3195
5838
1329
576
5845
3180
6171
2430
4766
2986
3178
5230
2531
5844
6831
1117
3343
6311
3631
1057
2000
3284
1261
5806
2855
5375
6204
6359
4120
27
4306
6338
1416
3983
2520
1845
6990
6467
2603
6074
6777
4472
4545
1278
6518
5605
5237
3922
6744
1663
1619
1357
3553
268
2442
6498
5521
2616
5899
259
1266
4546
4134
1886
4088
3275
1568
4793
595
6389
6570
5015
1463
6482
29
4051
1436
2449
4361
6582
6085
1846
1431
4018
1464
4024
3996
252
6687
3693
3434
2394
2003
1428
918
577
3727
1015
3303
6412
2724
2727
1190
2653
1590
5829
4803
6060
3190
364
862
2771
3317
4124
6609
2962
1693
6933
5763
2326
941
2535
1146
1357
822
722
6180
3184
1247
705
5322
4678
3864
4666
1826
6101
4940
6356
2254
561
248
1528
6085
711
1754
5780
2743
1114
3606
6999
2940
5517
6535
4662
943
6921
5251
6854
3605
5185
3618
4250
5516
6221
2309
4080
6062
6081
2673
5856
3965
6047
6427
1776
5472
663
2136
6395
5249
2212
6841
5760
5454
5299
1711
4289
3818
1225
412
511
753
2182
635
6930
1397
4071
5629
1708
6245
6130
1081
4843
2538
4003
2411
260
3661
4824
1925
5618
6865
5060
6126
6319
4675
3428
1792
6984
4896
5012
6211
2580
5297
2284
5086
2508
1270
5259
6174
2904
6988
5227
6451
4641
4059
1288
5206
3095
5212
386
6754
3218
5975
5826
3531
6964
5857
5142
2250
589
5245
1073
4346
5843
606
6309
5638
4615
3073
1952
2232
4466
1018
86
5983
1666
6268
4485
56
3934
6941
790
365
2123
3466
3318
1373
6093
4139
4956
4625
5213
2159
874
2905
4097
944
644
4167
5514
3676
2634
3010
3083
1892
4243
5427
4891
5086
2407
4206
3564
5387
2667
4467
1247
3344
1623
6125
4555
464
2117
3639
3468
2647
4643
4997
3280
3363
6704
4506
4429
4797
3586
3571
1046
5205
844
2332
6172
186
3967
5759
1093
5583
4810
6502
5594
2957
1516
1122
4345
3009
135
5510
1334
3767
219
1914
1609
5576
2024
6995
78
6056
5407
1795
1179
3195
3216
2897
4133
3960
6573
221
4820
5465
3843
6443
289
4337
3461
2150
312
1377
4490
2901
656
5186
6439
6296
4283
6002
899
4185
2070
5864
212
4878
4041
4146
4024
1642
1185
3591
1214
5959
1405
4667
438
4770
3849
6169
5583
4332
3656
1856
4662
6939
6031
2126
5980
2526
1006
505
1655
2755
2487
5772
678
5357
4984
712
3055
1756
733
6032
1977
6094
1125
4797
5729
3114
4759
6365
533
280
2452
4135
1836
6835
2865
2983
6197
1083
6581
5756
6036
5967
489
4849
6543
4568
414
2423
2763
1473
3542
5443
2139
2895
66
613
950
5392
2040
4873
4637
5476
4985
2149
4340
1683
1490
2086
2646
6682
6209
3316
4180
3546
4966
577
2812
363
4328
5910
666
4950
6357
1087
5450
6317
3339
432
1939
1756
2404
205
4017
3733
5301
84
5641
6513
4352
3716
3024
5690
2133
5086
4271
4899
5235
2265
2750
2790
892
4212
3626
6432
1833
2504
5009
3825
4091
6674
843
6869
4454
4118
940
1580
6699
799
5544
5248
1493
52
2461
348
6299
2452
1037
4586
1633
4477
3370
1374
5537
3219
2222
1841
5149
4149
166
3984
494
2404
1490
4300
5618
2965
4530
3288
3951
2662
765
3564
816
960
4792
291
4705
3942
6390
3468
138
5580
43
1399
2159
3683
3264
3754
2114
5486
1058
1152
3282
4158
3176
500
6642
3770
3157
6418
390
6765
3232
2550
1630
6556
6012
5534
3712
6159
5277
4264
1646
5377
5637
3632
4343
2478
6960
439
1175
1251
967
5784
2306
2301
3268
4754
6524
5333
4462
4254
966
6101
5968
4713
4359
394
6333
6518
4392
5089
5429
4073
6832
2763
1237
4788
954
6487
6953
3222
1300
4798
589
2721
610
5388
4852
4124
1228
1311
3335
5882
6772
4230
3839
3785
1956
3834
13
490
6679
4008
2546
1221
895
4197
6732
1036
4733
2469
4435
6205
6234
2459
6474
449
1931
621
2089
6844
6111
1259
5020
3213
2868
4662
2393
6712
4410
1600
3916
558
1348
4728
46
3506
1392
379
3014
3996
2598
644
3186
6172
1787
5152
2026
4383
925
5949
6041
5921
2796
6945
4578
6708
192
4096
2728
6571
6113
3590
6950
4284
6090
164
584
4311
6180
695
315
6588
4869
3667
2667
3903
6700
6379
3032
4244
1977
4023
3509
4027
4359
1909
4893
1525
6488
3903
1574
5999
1809
2012
4121
2742
742
1811
3726
2893
2121
6019
6724
4408
412
5010
5001
6936
3366
6376
2960
1987
3853
5560
3643
3043
742
3747
4546
301
97
4413
5283
4037
50
752
6720
6520
4525
2838
3410
772
113
3826
1904
4849
5689
4969
6136
4054
5169
2475
5163
3419
100
1068
414
3978
6864
6305
2845
4868
6545
401
5913
3040
1377
4362
3368
4170
1418
4108
519
1862
737
6052
5777
6197
3587
1651
315
1222
6907
1335
3861
418
3448
4977
5501
1515
2442
4965
1563
581
137
2054
741
4611
3962
2624
15
2327
4657
4155
4507
2712
1331
1041
769
2924
5084
4945
2796
5741
1084
2923
5252
1710
961
6639
6678
3424
6369
2399
827
4456
2564
3003
6057
251
4187
1661
577
1286
4236
6599
6015
6806
3947
4767
623
5075
145
926
5416
5700
3449
5046
462
4619
5584
2650
6591
681
2880
4723
5920
3306
615
6799
5284
295
784
3745
6253
6583
419
4042
6976
4523
4709
2129
1014
3204
111
3605
1813
4892
5094
5697
1840
4399
1755
5758
1717
4501
4594
491
1257
5325
5502
2698
1798
4084
4217
6232
3367
2458
2416
1898
5299
5121
6628
1455
5158
5334
740
2316
5396
347
4371
948
1246
2847
1024
2278
6207
2578
6977
3230
183
5130
4044
4697
2468
6650
4129
3941
1451
4163
4017
16
1227
2667
223
2543
3690
4139
2354
788
5323
5747
5048
4852
1936
1995
1431
6042
851
5600
5944
2773
3456
2137
4109
2079
6428
572
6024
4489
2500
4549
2704
3159
1065
3895
5275
2216
733
4361
3533
4837
6573
3492
5248
16
1845
2899
6487
1149
4760
6502
3285
1675
1582
4230
2506
152
6081
6925
5856
2739
5871
551
3247
5635
4185
2122
5266
3882
4271
1662
2971
4775
2854
1853
6498
4907
742
6349
2621
2178
2627
3460
3402
18
210
3933
4876
3718
6933
4657
5657
3833
2566
1112
2352
702
116
1197
3962
2229
4640
203
2447
5033
2000
710
2724
3385
5942
5144
6564
1644
2918
2631
1470
5072
2284
2381
976
2635
1313
1922
4048
3012
1211
1085
1152
2490
10
4141
4568
3829
5222
465
1959
3469
1730
5525
1278
1392
1673
4583
373
4422
1139
6008
4883
3248
1463
6327
4635
769
4065
5131
1086
1696
3299
6111
622
3242
6558
3158
3122
1740
37
6605
4217
6845
3609
5030
365
314
2397
3885
3351
2523
4320
516
3718
6080
3807
5924
1226
1752
4834
4514
904
6432
5417
3712
6537
6509
6700
4867
4502
2845
4614
2480
815
1018
850
2283
3256
6770
630
4760
4588
5013
3488
1022
6002
2898
3265
724
3938
5076
6206
4741
5328
6631
5321
430
6663
1083
6135
6468
2551
2391
4164
2252
759
807
392
6799
4109
2651
4982
2740
3687
6905
3077
6660
1098
1984
1376
6926
5881
3577
5423
1115
5750
859
5747
2831
5373
4177
3650
3035
5325
3608
2824
3361
4718
5339
5679
5257
4686
622
198
6946
1841
5074
483
4305
2104
5455
4803
6374
457
3664
6779
5980
5930
4499
4732
4630
2078
289
5398
4257
1067
1377
6958
538
4494
2708
5024
2380
2291
2706
4429
5535
6427
1546
2515
698
731
1767
3803
3226
454
6470
2444
141
6531
5192
539
4340
5404
3189
6282
4209
5661
4420
808
159
2014
5657
3646
2189
2032
5038
4100
2138
4727
1090
5023
5847
974
5355
3284
5374
4225
2714
4039
4382
3742
1942
1063
1218
650
34
576
6764
3541
798
1066
2708
4910
273
219
6591
6476
215
4457
3233
2714
868
5771
504
1865
6418
13
6099
2787
3582
67
1408
1172
4251
6469
4480
1007
2675
5796
6978
2673
2602
4430
1919
5506
2428
4485
1216
2544
3073
6534
2308
5405
6262
976
6359
5150
3593
4370
2355
6493
40
2472
1428
3527
5548
2272
6057
5924
3498
6292
3344
3156
2729
3288
97
6358
3568
4210
2386
5311
5705
5918
3921
466
1537
992
2459
252
1751
2439
5445
2166
1041
4342
393
6684
6406
2126
6978
6448
3218
5894
5607
3203
372
1500
5602
5372
1199
6401
6591
4680
6542
3043
4281
5374
5172
2077
2845
4369
1041
5020
6365
28
3601
6337
4371
2303
1970
5656
3527
405
198
1021
4558
5980
1439
3773
3661
2712
4316
3441
3561
1288
4666
6204
4981
607
5863
6542
3970
6126
5069
5869
5123
6347
3148
1693
171
6901
477
5400
1694
850
1491
3533
6799
3687
4320
1807
5464
65
4868
5966
3946
5101
1658
4897
1410
2604
948
1026
3617
6259
6607
2588
2198
4318
4866
1640
135
4701
1472
1159
4854
3838
5246
6785
2602
2009
642
977
6485
2203
4091
1994
2515
3722
5474
1121
2289
2259
1698
3178
4790
4867
5321
4746
6557
6517
5910
3860
1060
5031
2659
3781
1999
3366
2734
2731
2565
2402
5405
1965
2947
2955
1775
3116
6290
4820
6204
1115
2023
6824
404
5891
4242
462
5790
659
2738
5853
2065
488
6862
6837
3148
2024
3183
5295
1866
6778
1880
5911
6699
1681
5750
5473
6903
6549
1033
6367
1616
6391
3708
4638
4828
1063
2748
2383
843
4088
5552
5659
5192
3217
2234
1171
5950
3861
1867
2001
1894
4921
5042
6630
2673
1533
407
160
3818
4616
2632
3686
6313
1217
1415
141
748
538
6900
4088
4319
4074
2179
5904
3931
6906
1091
5667
5628
3451
3814
3468
4967
213
3853
4190
6815
6588
1350
1340
5553
4359
5621
6049
2376
3532
923
6715
5199
1241
6087
4054
2336
3582
1822
6209
3106
6766
2880
1045
2770
3764
6360
902
2259
2646
2690
6505
5398
3266
911
136
1929
6589
733
5277
4968
197
5178
5706
1542
1053
4302
1371
2489
628
5724
2287
5015
4365
1522
3963
614
6321
1353
1058
245
2180
3838
3775
1899
4151
6566
3732
3860
2210
2801
3909
5965
2868
6123
4225
4705
1378
2527
3909
418
1391
3736
765
3502
6356
3145
4335
5638
3150
1934
2036
4411
5784
681
4217
2829
3115
4104
1521
6990
6381
5617
1355
3177
5574
6918
5979
6874
5044
6857
5391
5924
3472
6882
1005
819
3939
6132
3541
5185
3121
4863
5415
6342
54
1069
951
2275
4326
621
1842
3251
758
2799
5337
6979
6271
6594
2410
907
4656
1863
2454
3573
2449
6021
1812
3035
3559
5105
2941
3765
3698
2011
3694
5501
4077
600
570
4847
66
4161
4094
3223
53
2492
5862
4973
3115
1031
5373
3784
3047
3611
3085
4077
3252
6795
4844
4679
2470
4252
6846
5468
5974
2572
1239
2059
1426
5050
34
5853
3564
2591
1435
6352
5328
1412
466
1497
3706
1609
2169
2835
3353
6391
2187
3662
3972
657
978
3724
1391
3450
2891
4172
164
4380
1287
671
1917
6689
6314
2476
2425
3180
5358
1528
5586
6902
2320
4188
2782
2443
5223
2591
3105
3463
4502
5736
1101
3429
3635
2198
2798
748
5994
1920
2926
821
5302
267
1643
6824
3548
3734
655
4620
5093
141
5530
6938
1567
5727
3359
6056
1065
221
5406
520
2825
5373
2974
2305
4789
5058
4094
1343
5319
2516
5965
3935
5431
3911
460
4340
4468
3941
4395
2755
414
6742
5204
4832
6887
5224
222
6374
3126
6668
2624
6403
3679
4196
6154
1575
49
6179
5249
1971
5033
6965
4186
4896
6863
569
3902
2620
743
953
6304
5200
4372
6745
1187
1985
1199
350
296
2408
2388
3962
539
3142
95
5999
6035
6415
1328
325
4465
6993
2654
6589
5399
3707
3970
445
1321
2679
907
5942
666
216
6691
396
4633
2510
5479
345
5293
3138
5526
5668
6277
1104
1298
5955
3550
391
5135
6677
3682
168
1206
740
3514
115
3892
6463
14
5765
4839
6101
2005
1804
3424
2725
2991
2730
3828
2189
3725
4259
568
1770
1708
3339
3329
2455
6346
6465
185
6403
2947
863
6302
1210
2014
5698
4498
4967
1765
1171
4552
302
495
2186
2571
2043
1718
5346
2582
82
4446
2768
1655
5303
2773
4984
2343
1984
6600
1739
215
4731
5098
6345
2538
1280
5628
275
6709
3810
2044
4564
6522
4096
4033
1727
3458
1191
1079
5648
4292
1868
2627
5324
4665
3661
1222
3262
5360
620
1509
567
2932
5973
1480
3312
6578
3932
4331
4612
6948
5073
3149
5783
4652
951
3423
6889
923
5230
5924
1297
868
3574
3826
1212
771
3029
2171
5810
3264
5878
1748
5311
5405
2184
1003
2969
4213
2896
6355
5773
1606
1130
6291
4140
49
165
6394
2553
6668
6955
6979
3256
2944
659
4034
1719
6146
5159
6500
1709
6831
711
6835
6827
6640
173
3189
81
840
4445
5556
4009
4828
5070
2282
1918
695
3360
941
123
332
1207
141
6547
2800
2732
3833
2683
798
150
2693
5683
3129
1346
4006
4009
2040
5928
1026
2476
4867
2951
4704
396
5356
4394
1219
1971
3822
2618
664
969
152
751
1282
2584
2540
2943
5127
838
4112
5262
2595
2785
18
484
165
1869
3183
1155
1132
3153
3423
2309
5462
1580
3192
6400
3179
4316
6675
2576
4492
6771
1821
5240
1176
627
1197
2536
3710
2299
2330
3995
6408
3282
2905
1236
5910
5592
5888
5475
2101
6956
6101
362
4688
5674
1798
2951
6416
5972
2767
5064
1458
2192
5664
4246
1349
3866
5793
2726
541
2891
5737
6869
4539
1924
3019
6281
4294
972
4200
6785
5460
1787
5674
1387
3451
5169
1900
5420
372
2888
3129
220
152
1707
285
4119
4995
37
4791
5213
289
1576
313
787
774
5415
2747
5912
3472
5538
4205
6530
617
1734
1401
1021
6771
3482
977
4259
4153
5045
6680
5708
3893
4350
6909
4087
6139
1534
228
942
2914
1931
4283
5279
6383
2979
3810
5970
4725
459
1802
786
5623
5579
2090
1249
2199
3541
6630
3689
513
1534
6550
3232
2412
5233
5438
4892
3263
219
1689
6613
1775
96
747
3888
2159
4412
6239
4595
4266
4602
6625
6547
3289
6556
3834
948
5728
1593
6018
1109
2330
5930
1119
5524
1375
5907
2659
5268
5040
6821
2666
3657
2267
882
937
3162
551
2675
1183
3636
2390
1501
2757
93
6205
5237
951
5045
1841
26
3972
3083
3295
6448
2574
3277
3166
6859
730
2415
4983
1622
161
1007
4836
4194
870
5884
6375
5322
1142
3392
2756
838
3673
6525
4563
3645
5950
503
5727
1172
3221
2059
6137
4899
1774
233
1237
2631
6589
5839
1599
6308
1813
3935
6941
4782
3802
1182
5314
6539
3334
301
6794
266
1279
3375
1659
1112
1375
6947
837
1428
5417
5061
1149
1151
6385
3313
4702
3509
6647
5589
5612
3264
4543
3819
434
6931
4304
6376
4897
1420
3225
4074
6929
2667
666
732
2397
3449
2041
4145
6959
6336
2723
1378
731
4406
1935
2567
1042
5259
2582
4373
1413
4681
5975
4773
513
5725
3123
1250
5387
5456
973
1936
1594
4527
3623
428
2932
164
4763
1768
4497
4361
3945
4520
3404
6160
3810
4205
1184
5806
3095
1826
5974
6492
2271
4052
1830
3971
736
5801
103
3053
1853
1258
6547
6136
2137
6517
6726
5007
5656
3097
6351
263
584
4634
852
5431
4185
5285
6915
2707
385
3506
559
5584
3370
5002
6062
4261
1655
4520
2598
4989
23
6046
2835
6300
1441
6091
5976
3369
592
5864
5002
4049
5409
1125
6367
4554
4596
162
2989
2234
458
6547
856
2552
6405
4235
2377
6881
2156
3633
4491
3272
2054
156
6207
2801
1008
383
1247
4621
5789
1512
234
904
6287
2610
4850
638
388
1229
2635
540
6897
2963
3292
5034
2146
378
797
6840
3672
2839
5787
1562
3144
3754
3724
3414
6458
2834
4493
6968
918
2117
6506
3074
2147
4568
1235
5513
5605
26
3222
2677
5244
4382
2212
3609
6087
2749
2080
516
3406
5306
1512
5219
711
3039
6517
3989
1031
4640
5268
3210
5496
49
5017
3664
651
2787
1233
6526
5119
1820
1804
5422
6397
3045
2560
4117
1515
6022
2120
5745
3140
6778
1298
2289
2406
2291
5688
6304
1472
6225
2804
3126
4288
3148
5893
6788
6665
693
1050
868
6553
3967
6641
3040
2428
903
4977
1872
1705
341
304
6968
6858
2656
5009
2404
6730
5721
41
4874
6012
5141
3936
1404
6001
3415
5343
479
4145
1672
1906
4845
4427
62
2672
4662
4083
4225
6055
5406
2852
4136
954
189
218
2743
3987
3390
3730
3727
6511
4935
1385
4038
4128
2113
3924
3193
6519
3778
2985
1922
5135
1719
365
6459
6265
600
1308
4058
1982
4432
2453
2822
4575
6626
5111
6070
1404
5277
4693
2055
1505
1480
5280
6991
5338
908
1274
4249
5699
1217
4796
2569
1056
334
3278
1282
4258
2404
3943
6587
4844
4553
2940
5981
776
2084
889
2695
6159
4594
6253
1110
1284
5505
4376
1836
483
3333
3572
1148
822
3462
1837
3805
5444
1503
3396
6262
3484
2855
148
2662
2778
1004
6968
6537
4408
2212
440
928
4339
3053
6848
6474
5433
3458
4755
6021
2482
3353
4786
2044
5560
1025
2488
5315
3392
1328
6145
3616
1250
2203
244
2062
4369
3594
6750
3924
249
193
3819
1990
5753
42
3621
3211
2870
4004
3160
21
4384
6808
6042
4151
6658
6996
87
6655
5329
17
915
169
749
2477
3331
2738
2293
674
6684
2038
2241
2787
318
3984
2763
4474
4045
5146
1481
6783
2081
6561
2309
4291
2244
4939
274
5591
2747
3899
1418
3127
1860
222
2668
938
4222
5868
4974
1141
1653
4968
6528
4916
5108
1448
1032
2016
6318
1544
1112
3040
5395
6986
4025
6705
2002
4974
3308
3551
5844
4021
4341
155
4937
5139
1737
2656
2357
4106
381
5545
2868
5842
3832
6205
5717
5614
3442
2969
3713
6814
4153
1405
3582
3948
65
183
4853
852
5694
2210
4760
3018
1407
400
1295
3309
4797
4990
4915
1852
6707
6142
3168
239
1015
5104
2428
4187
1127
1185
3053
975
5242
5375
2753
3430
1199
4382
3017
1372
103
3681
840
4694
6304
6522
3897
1931
2259
3512
2535
1618
3918
2395
6472
1441
1474
703
2623
5191
5662
6061
734
4750
6945
6579
6781
5260
5555
2644
3017
5894
6246
4588
6064
1786
174
1334
1805
1954
2900
6944
4704
6960
458
3634
3759
4110
1413
3894
5835
3784
2499
5318
2226
6129
4299
5590
4571
6070
1152
4024
2002
5723
6066
5824
5324
3759
517
5627
646
1994
5462
6497
4638
3803
1313
3913
1579
4181
6962
6645
3054
3569
4475
3615
3888
3817
529
376
1610
914
5427
5742
3155
4040
6604
2783
6862
1760
176
4919
5766
600
1658
5368
3737
5473
6543
6730
3203
6055
5138
5520
3291
5426
4503
6188
4779
6981
748
2852
4795
5560
3942
1801
3788
3872
1049
939
1780
2578
2531
3533
1489
5154
4307
6767
4306
6371
2099
413
4655
4700
1714
3136
226
1093
6249
2463
1733
4216
2332
4209
2036
4551
5429
5713
3143
3696
1036
166
4280
6586
3486
1323
2158
4753
113
2961
3948
1089
3892
5200
3648
2397
6742
4365
139
1731
2319
3297
692
964
2367
3903
6200
2215
1594
6103
3192
5325
5317
3290
1985
2211
4420
6402
3487
650
282
6221
4369
3037
3564
1716
437
3864
6057
1005
2634
2278
2606
1618
5019
4629
5197
1928
4737
6102
6375
2469
404
2025
4406
3545
37
6539
2260
799
4441
1915
6313
3253
6365
2628
876
1873
4529
4362
1640
514
6880
1245
2802
3167
6923
5755
750
6076
2788
1310
1138
2585
841
923
4750
3115
5486
5297
2774
2304
457
690
4858
5812
1346
629
2089
6397
4224
6982
5091
198
3299
3092
3483
2574
6408
3724
6200
568
4861
2943
853
2355
241
3573
5225
3957
4005
494
5913
2378
4668
5855
2229
6642
6171
94
6282
6607
2527
2713
3984
5573
4702
6599
98
3851
2283
1938
1197
5618
3917
1371
2985
2033
4732
1744
4712
6353
1324
4751
1580
6989
2305
2868
362
4323
5720
6739
5118
6521
6650
5660
5222
3408
4009
4415
2183
1028
4187
5847
3373
1724
1218
6358
6578
5003
3808
2086
1019
6446
454
298
4349
3178
4227
3140
3421
4050
2373
3344
5812
2936
3241
5293
3562
6099
5655
974
551
6438
4768
2667
4570
812
6295
1418
4631
4349
1006
6021
1242
4103
1296
5638
5036
6885
2356
2583
2056
5372
2930
2628
3998
1021
1836
1705
1415
4842
392
6661
1543
2140
5735
4309
311
772
6504
733
2205
6058
386
4418
5987
2373
2248
5967
4714
929
6301
655
1418
2387
1452
5656
674
2817
6865
2031
5244
2085
3702
4960
1586
6916
2849
4014
6061
440
6245
3537
458
3586
3903
4891
4204
6520
278
2627
3324
4329
5952
1281
3960
1568
3510
4947
153
698
740
1054
2384
2081
2166
306
5115
1946
5554
5232
6637
2252
5098
3076
5537
975
6708
1587
2959
1159
6456
3159
1254
4271
3791
1480
59
4357
529
5920
6733
2960
6471
5662
5255
2179
280
3608
473
3194
5329
6071
4466
6889
150
901
4518
4020
6118
5427
173
3791
1442
6359
5611
1128
1756
5346
5048
1388
3452
845
5847
3522
6341
2123
2988
6079
3487
5391
3774
6092
2912
1266
3027
2135
3509
6995
3537
6193
6373
6388
36
2666
1105
3821
6763
5870
664
5332
409
2614
5829
3896
3699
1138
937
185
5007
3251
2378
110
5917
2147
757
447
5385
3073
3915
679
2172
4618
957
1124
2747
3944
3345
4351
6588
4092
4087
4374
6219
41
6485
6488
6510
3261
3438
4985
586
3022
1696
495
6253
3865
5997
4217
1928
527
3410
5711
1712
4472
4843
1147
2721
2857
4571
5642
5769
132
6674
6195
5551
3835
4196
2998
1885
1218
4270
737
1529
5997
1566
5410
5942
223
500
1862
6488
726
6203
1559
2372
4900
4319
6947
6088
3204
709
1540
2718
635
2218
2596
852
6607
5425
2786
2925
5112
747
3160
4898
4961
5332
6699
5277
6767
1266
1175
4765
6436
2273
4168
229
720
4575
265
1087
3552
5358
2692
3379
1599
4094
2456
3294
5952
6130
5118
525
5497
5938
5564
5070
4729
6017
1486
5426
2205
4316
5263
5057
6717
218
3624
547
5516
6727
3283
5255
4506
6311
1302
1880
6141
1039
2465
5812
2709
6921
5091
3782
854
908
2259
4092
3734
4972
3606
2078
1502
3447
6263
6248
4420
815
6507
452
2514
1752
4041
2703
5915
1765
943
4502
1502
1011
4395
3621
4438
5442
4554
2858
1556
2000
6815
2433
5279
6198
4214
706
1508
6140
1596
959
3048
5030
5188
2724
5099
6280
3903
350
2605
4154
3199
5823
2631
5130
1446
1230
5998
4547
4305
1890
339
5637
6356
3139
5240
6726
6394
5016
4704
5252
6201
1013
5353
344
2207
3455
5550
3231
2531
2450
1225
2561
1776
222
3159
6623
4448
1876
5016
2602
4404
5809
2547
4643
108
5105
5846
3474
1679
1890
5250
947
1407
992
6619
6752
2568
847
6580
2795
2902
3057
1585
6086
457
2872
286
3986
4830
6343
4150
4212
6507
1445
3874
396
4393
2209
4889
1394
3950
3909
2559
1940
5147
5151
1034
1824
2410
30
6071
5488
388
1592
4449
2126
6200
4229
6420
3940
3824
5281
795
4165
1061
6089
450
2755
2974
6612
1474
6828
751
3913
2959
3685
3515
4251
2628
4486
3088
4176
5417
2161
6591
3412
1135
5521
1599
2037
1177
6147
3601
3622
3308
5628
3875
6328
2203
246
4996
4582
3732
3306
5351
2888
6618
1426
6418
3328
1958
3158
1704
5595
1623
789
4763
1098
2236
1068
2964
2145
5835
5988
2244
343
3299
1454
4055
973
1311
5424
2193
562
5268
3681
6536
4574
5353
3606
1951
3313
1329
5922
5674
6364
882
5009
4555
5705
4082
2812
3598
4098
5401
3053
6493
6405
1387
1286
2987
1788
2112
2767
935
6530
3206
3788
4670
2603
3328
1269
2634
866
939
6571
6765
4668
5234
6507
6751
6684
4395
2155
6416
4445
5446
4073
5365
6254
3213
1507
1476
6318
592
3537
1088
3816
1297
1628
2917
1148
2080
5121
4323
3704
4133
3871
2029
5348
6320
6267
5365
772
1622
2542
2601
721
5262
932
6348
4626
3127
6378
1157
4629
1678
2551
502
6485
1796
18
98
1469
2433
586
6734
712
432
3012
5539
3123
6917
6734
6284
549
1740
3756
3319
6895
5010
5906
1343
1918
5637
4914
1897
5421
6501
2788
623
4999
3246
114
3006
1242
2467
3931
2079
4090
2246
3935
2675
4038
5361
348
2373
4892
2894
3708
1653
1687
6713
6180
2632
6731
4058
5376
3340
1928
5231
4598
1106
6277
5880
4841
746
6443
6585
6257
5744
6050
899
1428
32
3837
2508
6759
3751
4310
2178
3869
3122
4774
1456
5533
6936
468
2919
3055
6892
5530
1203
2634
788
3015
2946
5293
4472
2654
1140
5788
2185
622
6122
3717
443
2627
1212
4263
3052
6096
6637
6048
3988
4790
6692
752
6176
2862
6434
6484
1087
5438
1666
1599
6665
2605
5087
2960
1119
3593
1114
1398
3256
4670
4751
2702
5804
1948
249
5836
6907
402
4500
1741
61
932
2943
887
2150
2566
5884
4261
2475
2726
6722
1720
6213
6039
5006
5287
6233
770
1728
6475
112
1557
4011
2535
4845
2572
5403
5930
3700
5869
4446
6925
414
5223
4327
2001
5231
5542
4312
530
2153
6962
6716
2346
524
2511
2664
1340
36
5511
3247
4747
4254
1365
5843
5882
6116
6731
3937
2841
1084
6728
5520
3694
356
2940
6287
2670
2707
5724
3348
4616
5966
5952
3670
2224
855
5754
3590
558
6477
1909
6059
6246
4019
5825
944
5659
105
1703
1622
1467
4806
5194
1738
5317
2297
2298
3772
5892
1749
2175
3933
3318
2530
3138
3652
1000
3697
6683
3604
1601
3484
6747
2543
2643
6472
4858
4296
1947
1701
166
2869
5050
709
385
2826
4977
5150
1018
4225
4694
6928
1459
2269
2544
2384
861
6938
2572
1233
2345
4080
2301
6972
1081
4958
3737
4036
3193
1758
431
6759
6346
173
6287
3610
701
4056
1808
4660
3833
598
6794
6557
1418
5848
5088
1760
4220
5504
4143
3360
2457
5644
4929
227
4298
1745
5256
5297
2030
5463
257
4589
1568
6044
5891
6875
6339
681
3519
3780
5557
4410
2406
4957
619
2513
6987
3257
4666
154
2367
4006
2092
6810
478
3550
2600
4415
6911
6802
5906
940
4650
1297
1548
3146
1430
4737
4344
784
4633
1153
6338
5678
4670
4721
177
1704
3818
5735
2995
315
1963
4284
3486
3814
4952
6055
5661
2793
5796
2531
5576
3747
3321
2841
5496
14
2273
3273
5572
2012
4283
6250
1513
6161
1805
2091
6615
3426
5599
3446
6582
5551
3571
2112
5427
3388
4415
431
1093
5283
1426
4348
3894
5708
1785
5447
6921
232
1290
6837
3821
3285
5951
1012
5824
4949
5678
308
4841
5040
5597
5725
6822
112
3031
6409
1300
3990
3102
6575
1912
2551
6053
1094
95
4262
2536
18
5300
1220
1697
3744
5481
5923
2593
5166
4126
4397
5813
202
2363
742
511
3164
3035
4751
955
2101
4913
1161
859
5459
692
6886
3065
2815
3656
4882
3147
4331
6505
2160
6172
4668
1489
3548
575
4973
2714
1216
682
5673
5546
4165
4897
6560
4149
6562
190
2180
3371
4571
3840
4998
904
5894
1140
2262
2726
370
1275
4191
4642
4268
6329
5642
246
5919
6958
5779
3139
16
1421
1838
3428
3521
1297
4957
6136
4572
5681
6924
2547
1608
2830
6142
6469
4817
6718
6059
3465
827
4289
2897
1711
653
6047
6932
1587
6767
6289
5619
4991
4920
1498
2192
5380
6144
4912
5647
5330
1931
6286
201
5480
5638
1116
3950
5701
5227
2448
3773
2540
438
387
4292
2240
4012
4869
3966
3210
747
6886
2497
4673
2576
4680
4353
4910
2696
2232
2918
5756
5283
1970
383
6206
6246
6352
4303
1992
2680
1703
4902
303
5041
2761
6449
1998
2788
3224
1293
2603
5684
3169
5996
5444
5860
4546
513
2622
4172
2900
3423
6629
4876
1233
3086
56
2750
1215
3884
4554
2094
6894
2613
387
3301
6174
4709
3921
4419
2390
1690
6312
4429
4490
467
5747
1323
5558
1837
2345
838
5900
5444
2918
5939
5228
979
4897
6770
4305
16
205
1603
1870
36
5592
1340
3665
4729
3261
1891
5622
3101
6413
2813
4605
1663
738
3798
1914
2552
6672
2892
257
6835
6375
298
4026
2261
4311
4388
519
2210
6700
1518
3070
2551
3917
6739
797
2541
2335
4636
4982
6779
709
2528
6651
1989
6932
1566
86
4980
2024
3475
5954
4638
2697
3259
5918
5015
3466
856
823
5643
6874
1102
2411
1104
4889
5599
6294
5925
2634
1663
5459
4187
6678
180
3144
1486
867
6258
75
3870
5889
3811
5736
2499
6637
1202
3630
1499
5286
319
2802
5852
2669
1079
2280
1358
6737
861
2216
4106
4422
5391
1304
1893
5393
2120
287
2802
4453
4961
5624
23
3266
283
3998
1343
156
2533
5460
3848
1726
2825
2492
6100
6124
4597
2101
4800
3203
3734
2532
4265
3225
4356
4202
6764
2370
6642
865
5216
4410
985
1747
4913
3294
4201
1316
1906
4106
3202
5028
4892
4239
4558
1391
5369
1448
2147
5756
43
6684
3489
4962
209
1251
5817
5250
6928
2247
6082
6543
1542
1906
157
6153
6451
5018
2471
2303
6175
6249
4175
165
883
4479
1284
5266
1872
3993
6679
1110
1313
4233
2071
3881
330
5642
2701
2004
3162
1944
2323
1624
5222
1948
231
49
2857
6983
3660
5186
1256
3645
468
125
5006
1029
5886
5136
443
644
893
4192
6334
3481
1547
6186
3257
4037
4260
2973
2257
1050
2393
5753
1363
3782
6221
1617
5617
2525
5131
3453
2453
4289
1262
554
230
4485
4204
6165
5653
4045
340
6512
2016
1414
1540
3609
6810
1438
1061
5400
3198
1817
5211
5037
94
6183
1062
2264
235
2061
6500
5969
1563
6327
3370
39
3500
785
4007
3299
4123
2015
3565
2858
4588
4567
2579
1062
5383
96
348
6233
2071
6336
1582
1518
3087
3952
2490
16
6687
6477
1511
3928
5125
2837
2497
2736
1999
5190
1558
3512
5499
3723
964
1339
2569
3705
4865
2997
419
6988
5432
132
3906
5951
2667
6800
2858
1847
92
2571
4159
5849
89
4616
4294
1172
5327
265
4243
3678
1445
994
5384
1532
29
130
3469
6821
1105
6324
2539
972
234
3707
3768
1911
683
120
3396
2756
6138
4581
949
669
5246
2259
686
5201
3291
717
6176
1462
324
4522
5421
3367
1579
4817
1435
2342
5389
2001
5919
985
3516
5682
707
2902
805
1826
2921
4820
3713
3570
444
760
5754
6997
5894
6109
891
1635
6122
5046
4465
1318
4499
4753
3224
822
4869
1216
3995
1045
6605
3906
973
4434
4606
30
2400
6146
251
1332
3471
4216
3932
4698
4067
1424
4495
4496
2526
67
3446
6025
6149
4768
4834
193
4014
6924
5749
1280
6213
5381
771
3117
1695
5446
1403
1616
971
5718
3611
4969
6161
3985
5754
5672
6624
809
5629
3273
3900
1098
6594
5762
6933
4680
1095
4181
2571
1666
6337
5217
5942
3004
3081
4643
3226
355
5811
5187
1436
5710
5072
433
5453
5841
2977
6371
6613
1201
4093
3935
2697
5456
5460
562
4932
6765
4064
3003
2910
6562
2678
885
6873
3553
420
6832
4806
5254
4960
1110
6491
2658
4156
62
236
4983
6058
5230
2548
867
5656
6467
902
2652
6513
3453
3175
1433
2620
3585
425
2775
3170
4422
6997
941
4447
3531
5516
4693
3734
2936
2700
5579
1419
4078
4872
5089
4269
1788
4370
1185
1144
3750
1494
4189
2848
137
4614
4068
5722
1415
3928
3143
548
2270
2362
700
5040
1976
5471
5201
689
1905
6907
964
962
336
3947
1520
2605
239
2967
422
4517
4919
5683
1348
5537
1367
3483
1923
2648
3219
2641
3695
3917
3375
51
5783
4120
3898
4361
5663
3155
5393
4197
2844
2402
1728
4960
723
4405
4073
4517
4222
272
338
6306
974
4742
2016
4197
6951
20
1688
1030
5027
2410
772
1565
3073
2327
3778
2575
6962
4880
6644
5638
394
4280
397
4632
3404
6813
6061
1388
4196
1672
867
2328
5026
1191
482
5477
4715
3806
3124
1772
337
1370
2661
1998
3904
6487
337
2563
2120
1875
6124
4719
2698
4739
6187
106
1982
6776
1138
158
6543
3757
2562
2397
2246
2447
2184
2304
30
3806
3090
593
6008
3933
746
120
2377
3129
1068
110
4835
2864
5324
1379
5758
2427
1252
3799
3368
6809
6306
2035
4832
1746
4125
4590
2149
5424
2934
2977
3796
3603
5224
2112
2095
2564
808
4976
5777
5357
481
4694
6317
6437
4630
6073
2479
4611
690
6921
1984
2064
4406
447
6630
4415
5622
155
4839
6672
5440
5981
6948
466
761
5033
1734
4419
153
5924
5557
47
6934
190
4986
1663
1905
4576
4239
3086
4527
3716
2490
6319
4554
4043
6321
3736
907
4355
2818
1146
823
1099
2913
5087
3624
1955
4986
6404
1135
5646
4764
261
4658
3973
5954
4805
1449
4177
1344
3999
5681
2249
3840
1358
5112
5335
6600
2832
4909
1291
2735
2666
4993
863
1155
1358
4915
4799
6308
4314
4963
1745
125
5837
3302
4208
5121
5054
1928
765
2706
468
936
2610
4223
4244
4327
2805
4326
4343
1744
6261
117
2654
699
4751
553
3917
1534
4459
1577
5142
3877
6787
5621
3159
5807
1433
2703
5843
5990
425
1162
269
641
2081
5046
5259
1762
3005
2351
3705
953
3668
3674
3565
4740
6259
2754
3314
3576
3032
2311
2274
122
6419
6673
155
1493
3224
5791
1945
6297
2977
2652
6246
2825
6186
4224
3626
4690
3634
5284
6492
2366
1581
1043
1707
994
6347
2943
3789
6622
4817
5619
3252
5954
276
1711
910
6839
6522
2237
1117
4891
5419
5639
422
3553
3963
3605
4884
5479
867
742
6603
4364
2797
2853
4439
495
801
3624
5100
1556
6151
6032
1383
4476
2188
5932
5686
3861
2140
4416
401
5444
6479
904
850
6230
6258
4146
6182
5276
1242
4350
5074
3901
2392
6389
1649
4084
6414
2178
6775
258
4356
2243
3497
2851
3728
1738
5673
42
6892
2713
2004
1187
5017
5868
6705
2798
6110
1775
5846
2929
6992
5405
3688
2466
6245
3473
6289
5597
2575
6612
253
6303
610
6886
2498
3248
2145
6154
6380
2042
1425
3104
3134
3725
5463
5405
1497
1114
2424
707
4956
6108
5637
5360
1585
5732
2138
2285
1604
5232
2153
2063
4983
1111
2161
6325
4925
6041
6741
3961
6323
3968
3699
6317
4417
1982
6991
5754
4241
5856
5761
2097
6961
2785
3255
3139
5157
5918
2712
5772
6702
2752
2209
5354
5214
4291
6142
1737
1923
6248
4312
3178
1906
624
6841
4429
4701
6919
3086
922
6065
5080
1855
6446
3102
4132
4592
5776
4329
2997
1189
1516
5706
3138
2568
2514
6554
2753
2633
1674
3709
5693
2216
6045
4311
307
6752
4354
903
5527
345
3345
4336
6957
5720
3659
1817
5697
3854
2519
1503
644
2416
104
5105
1557
3190
3260
3508
6550
4850
3882
5775
1154
4656
6474
4724
4607
2196
3035
6225
1373
265
2646
6788
4631
1164
4550
244
5784
567
2117
2490
4283
5263
233
3844
2509
6051
3923
5149
1236
1227
2187
2639
4095
5280
4641
3811
6811
2106
4946
4371
1003
526
6233
3613
6821
5960
48
4705
6138
991
4490
1246
5040
6301
4961
797
3403
6790
6149
6952
5202
6264
983
6292
3896
3667
1940
3982
5017
3137
2821
650
476
5738
4204
1240
728
6382
4399
52
2571
3288
653
737
1665
4255
1000
6405
958
5164
6653
1751
4744
2428
4141
266
944
4193
5795
3847
5717
1003
1069
1831
5410
6756
2908
4935
6573
6480
879
2601
4808
2807
3736
1712
2086
2034
473
2670
3134
3077
3652
6116
4905
1181
4107
2572
6109
4870
244
114
4030
3997
3969
4146
1512
1584
522
6850
3382
6177
4942
3674
3226
4022
2040
6659
2470
4118
6383
5627
6962
3842
197
3083
2304
1422
2184
1620
3693
4404
3658
701
6380
1947
4053
6007
2775
4155
3916
3127
2153
4263
2520
6683
3525
1512
4405
4776
3977
2385
6152
6634
4341
4996
3212
3843
4723
4004
6961
6165
1566
3738
4073
4577
3844
4805
5565
6195
6722
1685
4063
2685
1015
6321
4848
2952
2244
5096
5609
4287
5172
1840
6264
2489
3785
3654
5716
6151
177
656
741
5996
3154
2028
5309
3845
289
852
4398
6911
5668
5855
1930
6098
6554
2878
1551
3071
6698
6101
3277
4812
1641
5893
5672
313
2452
6681
5461
5362
6369
1633
2924
4564
6970
1730
1635
3299
3588
2041
6131
6897
4729
4910
4457
6448
1948
226
1637
1532
6565
3388
541
5175
4363
6056
5594
4425
75
1351
637
6784
2216
542
6107
3190
6050
6227
5940
4604
1925
2333
2482
4297
5811
4063
2576
372
230
3353
6498
2382
4206
2086
3202
4093
3099
5562
1694
2042
2701
1789
436
4506
1472
5914
4358
4792
6143
5946
3904
3774
461
6139
6389
4506
2885
387
6763
690
6739
3431
506
5401
269
2509
2808
3419
809
1545
4513
3655
4142
5080
4404
6097
4799
4034
5299
2133
6790
3129
4628
4177
2510
4594
2308
2279
2657
5965
6625
1259
2752
141
524
4990
3181
4474
1095
1582
4223
1757
3381
5094
3464
4107
6915
722
821
4722
6587
4646
2407
3968
3878
4081
6329
6474
1933
4670
5470
123
5800
4556
4127
1601
6374
3462
234
607
2023
5769
2695
3216
1474
3645
222
198
902
4046
4206
5519
6141
5788
3867
699
5637
782
5989
5289
836
3312
1014
6251
4780
3454
5296
3798
4253
6961
1467
6898
6479
2279
1823
1711
4401
2763
3022
4784
6695
6631
1132
472
1471
962
5784
5226
2028
3907
5698
4967
4631
453
5567
3679
2498
6922
65
534
6941
4138
364
1509
3403
6502
3063
4296
3585
2235
5889
1179
1737
1273
4947
6330
3613
4787
1247
5017
5425
4736
6242
2433
5693
5952
309
6931
290
3582
5977
4804
6230
3985
1667
2637
1918
6816
2210
2725
6721
2357
3639
418
5430
4565
594
6458
6771
875
444
183
5982
1745
3711
1511
6744
4364
4469
5689
6112
4030
1468
4497
4330
6607
2224
6899
5203
2926
6187
5414
704
4825
2056
4253
6551
2266
901
1373
1508
1610
3136
6315
2008
5803
499
2517
3963
3444
3366
6079
3450
904
5474
4825
3000
4078
3596
3517
2366
5464
4853
6828
2897
3189
814
4351
6434
5113
1117
5464
2694
2861
5697
4811
1960
3883
6211
5084
3699
902
5845
4104
1255
367
3927
1360
3591
3043
2069
475
3459
4278
2299
440
5919
2681
3280
5773
6962
3732
1496
5270
5701
3980
5819
721
5590
4047
734
1485
4823
5184
2685
334
2618
211
3757
4966
5120
6498
5357
3972
5673
6221
5894
4646
5422
3960
5182
4971
668
2830
1143
370
3359
3968
4350
1893
3372
6569
6965
6107
5562
1390
1494
2710
4099
2202
3432
4571
1282
5647
3928
1063
4932
2490
5194
2840
744
782
6019
1376
5330
2757
6155
6431
4574
3302
4676
1284
3375
6547
6317
2518
3818
3742
5983
1108
1672
5948
3437
4060
4350
2562
3374
6303
6667
1260
5374
6420
6472
3160
4249
29
2952
1034
3441
3362
100
6426
1056
6706
1509
1800
4557
349
2188
1287
71
603
4405
4718
5834
4461
1089
2269
4460
5783
5021
6484
5985
214
6908
2841
666
2374
4530
5078
1127
4746
5658
2335
1584
1246
1758
334
508
1138
1175
4971
5424
5073
3016
1687
1074
3281
2327
254
3662
34
6536
1890
3846
6500
659
928
4637
5717
5363
4724
271
2152
533
5888
3162
5680
1339
672
3605
4640
3312
5325
4928
1508
3782
3565
4675
6787
4538
705
5385
230
2871
5034
1546
5058
164
3416
5590
4768
5302
3168
4921
6440
4588
1108
1443
2275
526
3775
1330
2191
2111
4858
3934
3045
6914
5347
5289
2360
2796
2672
4523
4850
5525
3625
1178
5313
5609
5708
6878
1945
5943
6012
5435
6766
2563
5242
6825
4534
5019
1564
1180
4374
3905
1351
3532
4510
3648
3643
1375
4426
5031
1446
529
1803
4837
969
6864
130
4576
3211
4786
486
6489
6003
4680
5979
1288
5372
4740
1848
335
1685
5383
2552
1715
1995
386
3886
6988
3312
3166
3451
2619
5144
2522
5875
5872
1930
2598
3807
2305
1783
3235
5441
4074
2827
2139
1942
5025
1139
3760
3190
6736
4680
5978
6697
2028
4692
3376
6572
1701
6190
645
6318
1373
2105
2127
2346
504
1483
5238
6593
1560
4698
2391
2911
3705
2289
208
3742
1487
3655
3396
6529
6276
448
3919
988
1070
1470
5354
5792
3870
3098
3975
3097
3671
2546
2288
1321
6288
3805
5772
4037
5357
4055
6288
3638
5848
5717
6486
4033
432
1523
5862
5954
6115
3300
1645
1580
4857
3954
4912
1543
1725
6789
1660
3454
5543
3827
3662
4966
6771
4945
6395
3246
4292
3164
2022
3266
5887
4543
3049
843
1635
6301
2775
4955
1462
5363
2257
58
6198
45
3648
2462
2178
6661
4451
2808
5397
2285
3074
2148
3197
6433
584
2100
1008
1858
1778
6054
5130
4358
1317
1268
4270
3971
1366
6118
6905
5042
5042
2555
813
3910
2126
4917
4063
1742
1442
2092
3745
3576
795
1426
6458
6647
5679
1609
3535
6142
2202
6131
2530
6437
6458
1351
2958
560
5731
6146
217
505
5658
1986
3880
4693
4970
2728
5163
2539
3820
3121
3962
4662
3180
3530
5295
242
4475
1163
2104
5576
2256
336
1035
2673
6597
5996
6393
4261
2356
3116
2391
132
1964
3928
2499
6610
5513
1901
5151
4278
1076
6763
6877
6312
5519
3990
811
4630
930
4158
4321
720
1840
1652
4141
4700
2097
1793
1647
2974
672
162
620
2275
4075
1649
5650
2368
816
79
3213
3500
6029
5216
6089
5164
4859
990
6167
2034
1348
4930
824
1021
4676
2280
847
3449
43
5651
473
210
6971
6438
4432
5049
5227
898
3303
3587
3828
1999
1496
6337
5403
5965
1200
492
4314
130
3582
3607
6880
4695
5582
758
1510
6972
548
5515
2183
3866
1621
3732
6476
403
5819
5763
3241
4330
5869
2251
2597
3849
6359
4730
3618
1638
4638
3271
1409
5609
5417
4074
885
6487
3679
3084
6367
1315
64
6237
5907
2967
6892
3705
2289
2478
1239
2210
5985
5324
4374
3562
2186
349
2015
1450
250
4198
2428
6969
5545
4339
6687
1348
3367
5706
4901
5152
1279
2950
4450
6902
6809
5533
4733
4933
6666
1574
1505
672
4894
5573
5220
2595
1075
3060
4710
5103
3083
5578
501
3147
2209
3119
6457
6728
2005
6823
6675
3772
3680
476
2107
6287
6495
5873
470
6202
1151
3274
4644
6879
4857
1536
3441
6809
4808
3727
3678
5202
4091
4755
4439
5632
3505
5751
1425
4413
825
3517
6242
2897
635
3297
2184
3982
3767
6926
4068
1067
2069
3202
2207
2002
4730
2637
2937
6500
2370
6610
5137
6158
5337
1246
2032
824
2217
1985
3243
3319
5765
1781
4877
4334
3855
4387
4310
348
6568
1963
524
6613
329
5522
3320
5386
1672
1855
2587
1528
1244
5302
270
2788
6457
686
5693
4576
3207
3296
1733
3098
5863
5402
152
4905
2827
2416
4320
1749
2679
694
4680
5636
243
3838
6551
3573
5900
2838
5202
5688
5503
6931
5205
3475
1229
6659
4285
2345
3070
2125
6100
1820
1203
5687
3886
3917
35
6423
4511
6703
6616
3476
3473
6213
1894
6756
4885
6928
4009
2735
2566
4818
1712
573
184
5529
5582
5489
3179
4334
5301
4010
1895
5212
3056
871
3114
2758
192
3426
5967
1380
6882
4890
5442
88
6879
3138
6180
4763
4415
146
2203
6680
5774
1655
2712
3308
3435
5918
1202
3069
1132
2428
6687
1832
1213
3008
1336
5899
637
3247
6241
2118
4202
1460
603
5774
2345
1513
4076
344
4039
2326
982
3623
1117
5808
5891
1530
3706
3196
6655
1776
5646
3666
5295
1934
2808
4519
3658
3037
6229
2912
2949
1758
3148
3145
5162
33
3261
842
1503
4524
416
3479
1414
2150
4847
5254
3886
4827
5488
149
6982
345
1206
5678
4610
1685
2370
1079
6148
5757
2509
2152
6315
1765
2049
5502
3059
3806
4577
5958
6370
4081
6448
6915
6003
1883
1946
6720
3197
5876
5585
5635
37
1880
420
3002
5583
4573
2191
6076
5472
5341
5855
2751
130
163
5022
1625
4793
3959
5906
359
4420
3560
607
5737
4725
805
3437
5138
489
6831
389
400
3422
208
3849
612
3715
2136
4988
3469
179
432
1074
4660
23
5020
2018
79
3378
5458
4860
4702
428
2959
3542
5489
2667
1619
5976
6662
4739
999
370
5893
6955
481
3503
99
5628
2069
1815
6574
6887
1274
421
1344
3854
5081
2235
926
6922
4991
5102
3157
1335
4024
