3230
5353
6485
4218
7181
831
6043
6125
1421
8426
3323
3727
3789
3481
5528
2645
2982
1635
4461
531
8481
2052
7883
9021
1450
6507
2858
3389
3569
5593
9539
5048
6210
7286
8876
9627
7611
4749
9311
732
6173
9619
3649
9292
7186
5348
9115
2170
4795
6141
2047
8845
2548
7348
1099
2374
7295
3784
8025
3654
8591
3483
9818
7426
8113
8628
9242
5303
7926
5691
1498
1546
1271
2466
6077
3339
5494
1192
2596
5867
8154
8259
15
6735
516
3792
2395
2052
6398
9627
3714
1656
4600
7458
178
404
8518
2050
8485
2957
9264
6984
9646
6654
2032
6993
5256
1902
5113
3595
5394
5138
4164
3275
3518
8579
3854
8799
9639
3214
7338
6335
5255
434
8400
9869
7246
4924
4563
8436
9541
4925
6439
8472
5426
9260
8444
4806
6032
4146
4412
4882
4510
404
559
1554
2321
2450
2850
1710
4664
2365
3203
9543
8643
65
327
6411
3740
8860
3718
5788
9141
5253
3107
9328
9389
8763
42
1913
3902
6282
2571
3743
8881
2605
7794
9666
5884
7340
8128
3068
476
282
4946
4358
3074
741
1836
3663
2533
6608
3834
7404
1946
6617
7302
2876
5196
4568
6727
3245
3918
196
4621
9239
5198
7049
2201
1101
2244
7840
9416
6455
8721
570
943
4739
3042
9448
7331
1628
8054
5226
7683
3770
9057
8252
6864
1358
8868
2000
5544
1816
3642
3044
393
2668
7985
7020
3546
5123
834
3975
9394
4267
6553
357
3456
6842
6023
38
2938
4767
6886
1857
5231
314
9944
4451
7146
1949
632
2087
4382
8874
7483
1335
2530
6719
9303
1534
1212
1550
1309
494
3483
4583
6750
4184
5176
8472
8115
4416
2921
2156
7571
9225
6361
5031
1382
6271
4352
1059
406
9666
1186
1414
7515
8805
6110
9264
9306
5521
8639
1208
3740
5894
309
3171
6016
4150
9424
8755
7029
763
4088
5577
4755
4830
5632
4298
3760
3211
5348
7636
3302
9054
187
5111
1303
1616
5495
2674
1799
7372
2769
9969
9191
1533
7395
4630
8165
5458
2130
9594
6587
681
7026
5172
6111
2938
8101
358
6730
9394
5381
3586
751
4941
577
7643
1316
5216
1205
4657
8124
8209
8631
8173
2772
581
4721
8417
4785
5302
8647
5069
2094
8094
9273
598
1757
1528
1793
7950
1027
7986
3585
2877
2948
195
5021
8204
9323
1447
3285
5184
1288
7626
9278
7452
7343
5180
3688
7485
3775
8429
9159
1162
9236
9524
3369
8689
9708
5990
4302
3317
3987
5271
9895
7602
254
7260
3000
7234
1776
413
727
5853
7674
3722
9992
2200
1136
2928
7647
4944
4071
7040
1806
2291
8918
3805
2791
8729
5758
7646
8069
6647
1655
4499
9574
582
7574
4661
6168
4455
7805
1323
8250
8837
9567
7134
3163
6059
2809
3533
1105
5011
8805
6273
6157
8214
7468
6199
3660
297
6459
8788
1265
606
2586
2827
778
8855
8887
5090
4555
2058
8257
8395
2250
3288
326
1205
4256
3479
9075
5227
1446
4031
9098
7742
1806
5832
9824
5785
3949
4712
8254
3599
6361
2374
8680
6574
9511
9113
4697
6835
5332
4824
8622
1444
7586
1611
5596
8490
6212
6409
6902
6666
4716
9763
9436
1880
9450
5595
3401
50
2536
2742
7557
1054
4749
9807
885
6892
6597
6603
1421
2323
3289
520
1679
7392
8405
6722
943
1172
3638
6355
2202
9261
5778
9818
5397
1539
4019
9555
8319
290
5338
6245
1207
9135
967
6845
2
9055
5465
4286
7529
2799
1092
4379
4475
4244
6651
2702
5801
397
5028
5858
6234
6739
9779
1291
4937
3699
1726
5325
359
2615
2905
4689
1679
9576
2945
1410
4442
8620
957
1204
3168
253
5545
6619
4270
2295
5559
660
5008
8079
254
1507
970
1432
2548
9940
8413
3580
1902
7195
7517
8130
8618
9450
97
3718
581
8514
9149
6076
6272
2898
6483
7615
4811
8281
7007
3674
7892
2814
3686
2210
5693
1742
1385
2975
5410
2103
9350
5135
7660
6529
5092
6591
3635
1062
4866
9207
4245
4713
8882
7559
9813
1773
1725
1127
8131
4450
9339
6459
5699
9323
6511
8999
7109
5241
8476
1035
574
9650
2264
4091
8905
838
6696
2211
1604
7100
644
5256
862
2103
5151
2325
7671
9457
8962
6
1137
3230
975
3573
5593
7573
6973
6950
9286
4414
9722
1424
4271
7201
3028
617
4171
3895
7854
3959
4646
2915
4873
7828
5485
7682
27
7417
4184
7148
837
5723
8746
6948
2419
3927
8455
6414
1165
7852
1943
7632
6064
6280
490
3775
1160
6000
6697
6144
979
5893
6866
3460
3478
5648
5083
7666
9200
3447
5167
7738
6231
8844
4095
1113
5632
382
9887
9858
2516
5202
9653
271
4534
5472
1281
6998
9650
9986
2704
9833
4143
590
4893
6424
1633
7178
8199
7370
5490
9504
1525
8250
8710
5148
9936
2676
2792
5177
4973
4130
8020
1094
5469
2669
9558
5148
1295
2865
6200
9273
3576
7333
5854
3919
9548
6013
6493
9658
55
6286
4599
5645
2824
4502
6162
6041
8716
2901
1358
95
4523
4202
8182
779
6760
1295
7331
7071
7177
4273
9342
1538
5352
9398
9707
5417
3045
5799
2430
3567
7450
806
591
805
3271
8414
8254
6044
783
5737
4020
9894
2680
5114
8365
9212
4803
3837
4984
7939
2078
2857
6332
1152
1485
4038
2410
391
9735
8245
2342
1382
6219
9164
232
6524
1478
9201
1172
7981
3044
2285
2361
2647
8139
9385
5399
642
9525
1170
132
2814
6244
6761
2196
1320
8378
3370
4527
1872
8543
7253
8859
3402
7174
8245
9764
3081
6723
4915
2419
8609
4082
9088
5973
2044
6049
4319
9732
7059
7523
2321
7091
1528
844
1582
9834
2962
8069
3329
9664
9647
3527
5813
2082
4933
8207
6641
3656
4840
9199
3083
3690
1492
1340
9563
571
4173
6280
206
9279
803
7267
9575
6051
3296
1934
9619
4954
3511
1258
5567
270
9457
2192
9275
5494
9780
7300
9410
8867
7040
7636
704
5138
132
