8018
8824
2892
9878
4023
4903
-1614
-2793
4547
7852
8793
-2676
-8854
-3221
3918
7826
-1931
-2069
5711
-2307
5369
-9982
-5896
6935
444
-5465
-5454
-1767
2998
-6817
-3428
-1896
6991
-9111
2001
6241
-1772
-7090
-3582
1671
-2027
5218
-9944
738
-6798
7702
-5008
-711
-4054
-6725
-4132
-6598
-458
-9392
-9513
4360
-7582
-553
-251
-4699
2446
2171
-259
-3662
2414
-6641
8714
4920
9810
6830
-5494
-546
5937
-7885
9825
2778
9597
536
-6938
8795
5047
5923
-2453
-7127
3664
-8340
-766
2139
-3557
8710
1532
885
-7182
1128
4213
7054
-1337
-2630
1376
7570
-3241
7875
9651
3873
6085
-8345
5720
9163
9891
-9377
5366
6778
-2014
2503
-58
-1178
-7958
-6340
-2227
-7893
-3794
-3537
9650
-7904
9577
-4930
3375
7590
-487
5692
-5951
973
6024
-9301
3627
603
1093
-5382
3271
-4756
1914
3338
-9452
-1419
-4496
-1475
-6389
-9826
4753
7773
2035
-9522
3314
7742
-5878
770
-5712
7011
7051
2059
9055
-3688
3543
5974
4191
-5101
3935
7862
7973
422
-627
8352
-4024
3321
-6174
-9484
-579
6125
-2795
-3232
9038
6722
-7110
-1989
5646
-2370
9108
4251
-9738
-6508
1979
-2830
-5131
6628
-9429
-3636
-3166
8669
-8880
-8245
-9280
2917
8926
1389
1028
-564
6789
-3615
9641
-6186
5311
9304
-697
8790
6710
-2298
4170
-4263
8763
5513
-2171
-8673
-5524
1542
3677
4468
6948
-4300
-8939
-5940
6609
2709
-402
-7216
-607
-1386
-719
-7977
5925
-2111
-5357
-7073
-2406
-4482
-2161
3262
7190
8891
9901
-5247
4233
-1734
-3071
-1425
1533
6412
-4743
8035
4567
-9571
1709
3678
3727
-9141
-5979
-516
9949
6419
6460
4843
1798
8668
9724
450
-1897
-1477
9116
-8851
-8380
-2170
427
5224
-165
7079
-1727
-9338
-4987
2940
8609
7490
8211
6568
170
-1820
2436
-3637
9602
-1716
-4099
6181
9410
3180
7207
-4394
8673
9678
-3415
-4200
-577
6544
-4214
-3820
-4673
-9510
-5891
9097
-8993
-6199
4968
-6750
9239
9350
-2191
6813
9052
3258
4759
-2761
7543
7969
4732
-4948
-8707
-2441
4713
-1799
-7017
-7423
-3573
8678
2775
4789
1565
-3145
-6631
2013
2964
-8754
5424
-5588
-6791
2146
-3910
3746
9692
9889
9894
-4329
-9659
334
899
-1466
-8664
9605
2459
6402
3050
8967
-3403
-6193
9918
9517
-7315
9501
-2355
4542
3786
-2330
-1415
-8676
-2247
5399
2656
9336
4494
-8984
6427
5070
-4442
-8319
-6184
8203
-7605
-375
-8512
-3056
-6153
-7311
-9261
8256
-1824
8453
5913
7031
-9233
-1885
-5856
582
2164
-5133
1675
-3043
-4887
-6423
-5411
2145
-9192
2896
-2216
-5870
6672
1286
8781
-5191
6379
5198
-5858
3440
-7945
-5313
6684
-6584
9655
-2258
-2328
4135
-2274
-6119
-2425
-1549
2193
-2828
1347
-6218
3693
3676
-9586
-8211
3656
-8910
6988
4954
-9046
-8878
-6295
7065
-233
1599
325
7426
7446
5436
-6215
-1228
5133
-8796
2581
7176
-3508
-3607
6383
-9523
5020
349
-2517
2559
5305
8921
8588
9188
-5701
2982
7539
-3306
-5674
-5290
6253
-7591
3033
-1345
2131
-5979
5310
-4260
-4736
9790
397
6341
3838
-2456
2211
6612
6823
68
-6091
-4316
4703
4495
-4152
897
-4438
5348
-8314
-378
-7924
-6763
8196
518
-8162
-1565
-7586
-7631
-8920
-3439
5541
-5257
-4375
-3713
3949
-4900
7622
-6779
-9015
-2515
7271
1340
-6177
-2016
3807
1901
1992
-154
5109
3292
8374
-4055
-9796
-2127
-5895
8898
-4407
2284
-92
-3124
-1028
-1520
-2628
7932
-6295
-348
1132
4046
-4078
3525
-3958
460
-6323
-9956
-3522
-7256
-3279
195
-6638
7781
390
2806
2154
2410
2079
3935
-1546
8252
-2044
-7862
2473
-6280
-562
-470
8988
-2419
-5985
-9659
9978
7472
-7216
-1556
3414
-6169
3503
-439
8282
2830
5621
-1948
6532
4467
4525
6867
-1131
-7539
5852
513
8713
-592
-8783
8106
-5806
6491
3674
1580
-292
-5905
-4479
4328
-6251
6131
2600
2788
-3748
4411
-2717
-40
-1220
9392
8090
9192
-5661
7983
6586
8718
-8624
6865
-9536
4351
4374
7832
-9900
-9818
1684
408
-332
8043
-1087
3768
9141
8433
892
1499
-5064
8336
-8052
2135
4996
-5128
-608
2080
-4749
3565
-1888
8507
4817
2731
2836
-7190
5437
-6762
7421
6304
4483
-6245
2813
-4160
4243
-2382
2421
-8727
7595
6972
-6151
-9276
5780
-919
8206
6936
4035
-3395
-5704
5376
-838
-570
-1218
1018
2678
-3238
2194
-1920
-7423
-6402
8589
-7848
3901
-7955
-4637
-273
-2082
7377
2818
7765
9142
5866
-9584
-8546
-7
1761
5260
-4558
7932
-776
-4332
-473
-8661
-222
-3233
-2974
-3863
1030
1354
-4731
-7718
-165
-3734
-2562
-2060
9473
1814
8219
8870
5750
8282
9122
-7052
8172
-9344
7533
8680
8334
142
2374
-1119
-5790
-7351
-796
5443
3523
-1350
371
1834
-4551
-6769
4594
9288
6419
6446
-2529
6856
-2868
1099
3869
1488
769
3101
5666
-7695
1005
887
-2342
-2607
3979
7040
3883
-3659
508
-7396
-2030
1082
-956
-8971
6413
-771
830
6441
4092
-5742
-903
-7257
2345
-6740
-2099
5238
7779
7318
8301
6129
-3751
-9127
9098
9265
-6384
4421
-2435
7375
1441
7932
5795
-2322
-1347
2395
1417
-9278
7922
-9533
-9517
-1964
4265
-989
7663
-7395
8049
-7386
975
3039
2078
6403
-8953
4311
-8179
-6938
-354
2270
4933
-4838
2784
701
8847
2819
-1723
-2141
-5418
6651
5366
-3593
2369
-6171
-4198
-9533
-6457
-1112
-7831
-7978
-7070
8290
-5363
-3838
-2249
-4083
8209
-2618
4310
5901
-8965
2974
5276
4099
-7008
-3375
-8938
-2300
3193
-4678
-5067
6391
7598
-2642
8381
-4242
9202
-8332
-5682
6062
9594
-1136
1412
-6061
4310
511
4132
4114
-1423
2805
7739
-7289
9942
-3314
3288
3667
6697
-896
4326
-6580
-8606
2638
-4621
1086
2499
-2224
-5550
-5319
1904
-125
-4402
5651
-1891
-8835
-9805
-4484
-8782
9936
1990
3034
-6436
4128
3844
-3046
1946
9020
-7582
7106
-7337
1403
-4800
4077
2743
-3753
2165
-1121
-7497
-1710
-4421
-2371
-6532
-450
9187
2798
-6286
-3984
-7046
7758
-8357
-7766
-3210
9735
8201
-5931
7049
-1321
-904
1415
-7177
-1535
483
7069
8820
8265
6
9117
-856
1378
-4515
-6816
8765
7825
6952
-3244
3812
93
-2065
4377
92
309
2115
5807
