-7100
-5061
-9109
2260
-3051
-7882
-2268
1087
-3572
-9796
-9220
-4700
-7019
9336
-3912
9213
3275
-6051
-6208
-1253
7794
-4427
-4671
-8914
-2587
4595
9853
6863
7746
-6772
-8267
8826
8518
-9916
6093
7184
-553
8371
-7145
-9340
-508
5079
-2853
3416
9200
3726
-8157
-9756
-3369
4657
141
8638
-2507
-651
-9999
-7199
8567
1183
-665
1379
-3613
-8985
8014
-6582
9761
-7223
-4597
5934
-3702
6054
9085
-8386
-1789
-3130
-8195
3947
-8797
-9353
-9979
-6484
-7661
-2008
8748
-6550
3833
9841
-4292
1442
-9503
-6124
-9171
-3728
-7755
3915
-7655
1122
-6540
8913
9229
-9258
5351
8731
7662
8497
8846
9178
4047
-363
-8081
9880
2069
9904
8253
-7106
-9843
6031
5965
7227
496
-1101
-4095
-9876
-7607
8505
6849
7546
6205
3594
7663
5682
4121
-4910
-3312
-9278
1170
-1678
5481
-5044
6197
1661
-3342
-9340
5854
7615
-1783
9969
-2677
9793
684
-4849
-9784
-2686
-6223
4555
-4659
6232
-9453
-6043
5821
-2112
-9590
8645
4675
3241
-9701
1339
-9197
-1458
4855
-9307
7535
-6538
-3797
-4626
-118
5199
-2179
3633
8428
-5902
4217
-5203
6317
4911
-4791
-17
-4998
-6356
-3321
6889
-8946
8174
3943
-8667
-4660
-6640
4196
1069
-2495
-4300
5782
6510
3064
2317
3366
7810
5278
-6960
-9827
-3598
-1811
4115
-3915
4864
-7357
-7233
-1865
3592
-2344
4801
-259
1796
8598
6355
7072
-8606
3423
2725
531
4625
2601
8684
-6764
4007
-5423
2801
-5322
7984
3182
-1239
6892
7811
3316
-9391
-4480
1352
7906
-7671
5396
-9694
2612
5782
4357
7616
3052
-5203
-7383
155
8182
-786
-9836
2449
8943
-8473
5290
-735
-5581
2505
9513
7773
-224
6348
59
6680
-3230
-6277
-6723
-9371
-2472
9347
3608
3229
-6595
-9738
8025
9218
-697
-3088
6962
-9930
4840
3773
4851
8599
592
534
4687
-2727
7947
-8847
-1584
5590
7477
-7097
5969
125
-1101
-178
8715
-9045
-4349
-8390
-8683
-9884
-7254
-6750
-9046
-6174
9803
-4686
-8055
6691
8763
9657
-5631
635
8440
3291
5639
-1119
-8861
-6937
8988
412
-2439
-3330
-161
-7995
-7416
-303
-768
9056
-1677
-5725
-3902
-6442
8133
7344
-9836
-9200
-5036
5918
7593
-4076
553
3046
7734
1032
5074
-3279
5534
7165
-6824
-7936
8186
-1187
3199
-3238
-9747
2161
1919
8933
-8863
5718
6015
3192
-1762
3663
-8907
-4098
-1556
6454
1785
-8101
-9323
7092
-7521
-1168
3965
7766
-9341
6712
-3037
1931
5150
8621
-9896
1253
6838
3253
7088
-5989
-5980
4938
-3575
-6897
3252
-5322
6549
-4734
-1227
-8667
2234
6384
-9104
3400
-9335
-3735
-9065
-4778
-8946
4625
-5162
1019
-8005
-9807
1965
-2305
-9998
868
3880
-7755
7990
-1083
8543
5502
3319
9963
6505
-3076
6799
-458
7584
7240
1864
-4118
-2257
-4039
-1636
-2942
6914
2262
6350
-8496
8505
-5690
-7366
6303
-3838
-537
8004
-4732
-1724
2724
8462
1845
4707
5468
2969
-9160
-5728
-6362
-1537
6516
95
5639
5380
6446
-4463
-2955
-1294
9381
1330
-194
2712
9458
-8483
2114
7025
6039
-3043
-6355
3384
9428
9047
3519
-7652
-9600
-3041
-5462
-4415
6284
5863
-7749
-8913
-7490
-3634
-7878
-5172
-2244
7045
9704
-6623
-1555
1281
8058
2104
-5332
2561
6246
3435
5073
-7878
-5891
8103
2102
8875
-4942
-5126
-8487
-3084
-3611
-4546
-6945
-8751
536
-9209
-6321
5761
7563
-1113
1104
1784
5624
-6991
443
9256
-5295
3104
7563
6939
-1749
-1317
9921
8714
1300
-2617
9158
-403
-9579
-5889
-9229
-7337
2195
4462
-7566
-3003
-4145
4982
-4379
-6362
8663
-2849
-9344
4726
-7201
-8668
-67
-3036
3610
-3227
-4217
-6119
8047
-6802
189
8036
-7795
-5101
-2526
-9761
7972
4018
-4687
-3695
-6925
-7710
-8764
-3546
1825
9755
-989
-5272
3196
7205
-6935
9748
1837
6092
-6886
6105
-2708
-1410
-9996
-2356
-1150
1265
-1481
-3026
-8988
-6023
-4439
-4755
-9509
9001
5973
916
7523
6762
6845
3982
1788
2651
7096
-8804
496
5813
-9131
-3014
-113
9234
-67
4094
5390
5031
-8931
6444
5195
6698
-9465
-2033
-4413
-754
3449
9923
2018
2997
-6327
7232
-1410
-6849
-5424
6559
9582
7558
-6520
-4596
-7375
-7563
3929
2073
5301
-7283
-2246
1409
7838
7963
-6273
646
-3888
8889
4508
9095
-3170
9445
-477
-1076
-7571
9111
3454
1286
-4928
2444
-2125
6461
7321
-2218
-1847
-1424
-9362
6536
5841
-8543
2067
-3357
5519
-8226
-6735
-7063
458
1854
-4067
6766
5060
5380
6504
4678
-9797
-6887
-1821
6831
-6187
8059
-2565
4775
-1144
4961
885
5342
-8160
2059
-5001
9810
1249
-8550
5578
2644
-7490
8518
2281
111
3750
-4192
-3434
-9426
9015
8995
1931
-2133
-8107
8337
5066
6166
-2004
-3160
-8281
-5945
-858
9750
5519
1996
9342
8791
-5135
4527
3336
297
-1636
-6146
-9926
-3400
4012
-5427
-201
-8423
-4057
3659
8650
9604
5206
-6955
-9818
-8534
2324
-6534
-1030
8121
8769
-8249
6328
-7701
6820
-9797
-3146
9903
-3485
-1962
-2599
-1275
3039
-710
3487
-9506
4536
-8880
-2420
429
-8337
2089
-4619
-2720
5786
-1273
-8288
-2619
-4519
7013
9120
-3107
-760
-6118
1525
-8353
6115
-2893
5383
-4641
9220
9307
-3130
7354
8779
7732
239
-7564
7104
5604
2789
-8383
-5466
-2444
7604
8497
-7604
5486
9207
-5820
-909
4349
9861
5278
4181
-651
9007
1139
-2084
-4963
-9899
866
8678
6763
8876
9528
-8963
-6215
568
3001
-1973
8302
8451
3210
-6052
-5390
-5994
-2213
-8247
766
-2063
-6494
9455
6159
759
-3897
-1014
-5228
7667
2424
-7296
3828
6557
-1315
-7764
3857
-6746
-5611
-5011
-6022
-492
-8496
8206
-1634
2842
9888
2915
-9125
6549
4182
950
3735
9365
2456
-4372
1949
5892
-8612
8171
-8654
-2118
3740
-8267
8041
-6671
6460
-3354
-5128
2849
8406
891
-5112
1078
-6478
-4600
4052
6685
9334
-6745
-9497
3461
-7443
4869
3909
7561
3177
-9984
-6242
2078
825
9217
164
1990
1428
-2799
-6193
9289
9435
9924
-854
8664
-3773
-8557
4670
-4881
-2499
-807
3711
7258
4797
-8630
9238
-4159
6704
9
-7411
-2637
2266
8694
9929
-9310
-3085
-2723
-8059
-7220
-2306
9744
-1475
-5007
2315
4537
8757
-3378
7301
3098
9752
-2289
3453
-3020
5411
-8329
-8400
2970
