42944
71038
8864
81788
98941
3600
79907
33917
52540
59476
60945
41835
35136
44865
89998
54687
21905
54260
30062
26304
93789
4853
3237
78750
1757
51201
42782
68166
11695
43795
88157
51746
12962
19717
25085
32314
49972
7933
1131
74578
27062
42959
83833
79480
69376
3964
1423
56083
39018
10455
30679
38192
11849
1459
77725
9423
92963
4441
68554
46602
95275
56956
19149
83316
98996
44573
82913
82212
80185
52149
65367
22966
63149
36258
13068
58577
73367
47328
63868
18010
98620
53927
91824
9407
11730
41130
82009
86257
60562
5131
71071
95588
42959
17624
23351
5377
67733
56750
48231
37024
38660
3880
67059
36007
78280
11405
30966
40434
91014
93360
38708
16397
26634
83985
14613
47984
58647
95524
1334
21703
13322
99070
33264
13990
62635
8638
76952
35041
48034
99903
43585
92549
10825
86300
44961
30077
37266
21243
14335
40062
92540
97755
2809
51766
48134
87164
56230
48555
79251
67104
65618
6696
22529
33057
49475
58484
26117
90414
37543
77824
3939
44185
52746
80431
57605
28127
23023
23635
70094
74447
95420
4223
29109
51404
13613
76713
67348
89954
4801
25168
71766
61888
5512
55761
53683
69789
89691
85313
37925
67900
69047
79771
97381
60167
19217
41671
33337
8336
24524
92510
78314
61167
98339
59771
72516
61463
99567
96289
35389
66585
9126
39174
2839
29247
7937
34997
13090
73465
59138
16382
2559
94317
40062
10788
17860
85964
65109
54642
10385
14449
97464
81188
63547
51179
19374
87686
25425
78248
4440
77990
99959
55454
94460
99641
64057
22271
3921
84297
64926
64232
4542
68429
52513
86853
65601
75071
82685
85948
95120
65908
55761
63529
56282
42635
70286
7904
79349
60235
71690
37997
41331
82209
14780
89868
84819
27934
4045
45106
88331
70116
87827
6398
91263
80030
26429
28977
49789
71758
21665
68280
28916
66838
93122
63324
34075
49258
84748
51295
84400
65116
73668
69556
74539
84841
19630
19514
72298
24307
54538
76457
39777
3483
4929
57090
63637
6567
77507
17945
82999
71917
97780
59809
18334
10157
34723
84831
85649
46885
94491
21559
16010
27364
60543
46333
16819
71260
65593
52769
12891
75522
28121
30337
37195
91221
72371
12143
30525
51607
88252
42451
26769
44011
91665
43964
74584
77566
46043
53091
10943
41492
63919
18777
227
32152
92358
89769
10917
15947
66292
61029
29543
44866
35184
29118
9619
92204
16959
45829
24177
50648
19459
29863
37431
41102
51118
43271
52410
38144
84933
17822
87152
16820
50886
14399
9909
88712
70521
77875
4930
55122
62284
60092
93716
47692
62865
44861
91292
21204
60390
99823
25929
43303
28509
56962
42654
5338
96713
7405
22062
54764
59508
6293
41168
54259
52992
20397
82267
77178
74114
64710
86759
36341
50110
97788
63624
47296
95821
87697
19752
17726
15511
73064
87028
31349
47804
87323
10562
10807
95015
75301
95738
62726
86883
73796
88064
70535
7952
22690
89878
54958
65097
9350
1185
49369
84687
89605
28249
4366
74444
38476
60261
95379
54178
87128
68052
64637
8633
45890
10794
50667
98245
94549
38133
19357
38597
12383
60558
9124
38278
21715
89852
35782
8569
26707
79229
58112
10034
93594
69054
72368
5718
29074
67569
9434
748
97662
23761
96286
2001
19978
57782
21494
38999
32289
25935
29275
45786
62845
73039
50822
48502
42146
58252
95844
62889
82065
64782
45715
90684
48000
94641
94519
2033
92372
67703
99324
41789
83543
5329
40448
62021
19532
74926
96808
76765
29883
15410
59099
66084
72716
50076
35247
25214
12411
95912
32707
78072
36913
41391
36905
6551
50418
5178
44646
11609
75254
72634
82572
55661
56565
83516
80631
74940
72730
96377
94170
30160
88981
98125
95360
93063
69487
83893
78258
93760
99170
45191
48921
31091
25438
44898
36015
20395
22306
97245
44964
32378
80824
33723
68776
76692
99243
54753
57048
43744
15729
84573
31578
79180
76131
97156
70270
94940
83948
50797
52782
36172
19870
47279
21216
26286
79520
16608
45119
10642
89960
56602
12253
3732
74222
76702
50556
85498
74390
66427
79299
76937
87605
32566
17353
37387
75326
25047
66212
67619
7925
84553
66652
1487
81431
97511
13070
77534
20955
62139
77434
62624
66078
93609
62146
19559
39463
87373
58301
55046
34556
81873
43704
28762
28542
70534
53590
67652
37926
25991
12477
9458
81245
26775
6775
39883
44444
58492
58379
46701
44245
70275
92046
70259
31867
90665
53829
11623
87775
14466
62777
86418
28889
43112
89564
22137
42732
80084
92504
45726
95317
67486
57765
68105
35362
94911
33994
28414
31166
80296
74710
14822
74287
47403
26831
49595
35714
18798
82605
54651
47646
21430
83235
19857
62864
2200
79532
47265
83580
49085
87701
38682
42289
31417
63271
68245
59357
37284
71721
77915
11882
44549
53701
73282
68292
73049
79843
7087
74168
45620
90679
17644
79912
50545
76982
94381
8864
82697
90594
48440
94415
98269
45097
14423
32775
70297
97969
65178
92283
28995
71014
21620
35792
35115
75470
79257
91952
74416
98052
53086
65682
57394
74990
56422
96020
77456
69987
48439
20476
10064
2707
37913
9575
58059
24551
39601
75209
79162
65073
20588
19248
1616
33685
43510
79502
67877
69463
31475
95609
56573
22476
86342
57100
85846
95003
93096
81702
94479
12877
72739
1343
51941
35184
35247
20834
33688
54487
88741
1445
87280
87783
99207
53072
6223
52270
53870
61488
8509
4043
97150
88973
57523
61772
90613
24316
28791
89687
83082
23705
41491
12844
9249
87532
78043
6426
23006
14568
4568
95720
56950
13383
70172
57131
80255
50753
68556
22645
42731
75587
10339
12340
65465
5207
29590
19436
12582
98266
37418
83187
36435
48158
17598
68224
52488
68325
91772
1372
59476
12507
79439
52772
99581
21755
37701
78152
95459
51494
40446
88890
42132
84662
67377
73397
61070
54407
22279
53045
85902
73169
16264
88172
69458
70567
23177
92318
21918
88508
17195
41892
51892
22745
91557
98376
60483
87400
35133
98070
56103
38707
10414
85096
78083
96780
55815
32645
66477
69300
57979
93583
70639
13237
14826
59214
95540
12068
14118
88289
15704
40116
64529
14434
66740
71876
91864
98370
16732
21071
84889
94478
40894
1034
99203
91157
67066
78683
35783
65474
69091
58086
28932
94478
23519
29096
38684
94178
55627
79643
42718
79967
77495
33673
64479
42348
48743
48795
20335
24632
84179
83901
81312
1716
57702
80701
10373
96817
17070
81220
