68
80
18
36
87
9
23
37
40
77
8
70
43
21
8
67
96
28
68
73
33
9
98
27
41
10
63
36
97
92
91
8
23
55
97
30
85
29
15
52
52
88
44
43
13
68
91
66
12
48
49
2
21
40
2
49
63
7
89
35
50
4
60
91
99
8
16
30
78
93
1
26
97
29
84
50
5
41
34
55
89
81
28
94
87
93
33
98
23
22
5
99
87
32
38
96
3
7
43
13
3
47
95
98
21
30
68
77
78
80
84
6
49
51
66
18
71
58
92
23
25
5
41
9
8
57
92
63
4
72
62
88
96
42
59
94
81
91
70
43
47
44
7
66
18
43
35
78
25
86
20
26
8
22
77
81
50
47
8
30
67
73
97
36
57
98
18
11
68
29
32
4
57
13
76
16
16
16
69
31
25
82
24
22
87
37
75
32
21
65
11
55
40
68
73
32
35
56
14
42
71
95
50
19
35
89
75
44
44
73
11
62
47
18
10
35
87
63
45
29
79
76
32
57
91
25
22
78
76
14
47
63
96
56
59
4
4
4
59
81
44
10
50
90
92
35
53
67
99
18
79
91
32
50
49
61
38
51
21
47
92
94
56
32
43
95
89
84
26
79
39
97
50
56
11
98
15
88
63
56
6
6
6
16
88
23
3
81
53
35
64
99
11
49
99
8
82
99
7
55
17
74
63
86
90
99
8
36
45
21
45
6
66
24
91
71
20
12
96
42
47
36
25
97
73
26
90
55
2
27
88
13
31
19
18
94
94
24
66
34
89
76
37
34
10
35
97
88
39
71
88
21
51
1
7
32
81
51
95
86
41
21
63
21
33
56
62
9
77
75
58
63
95
4
50
15
23
74
62
12
95
78
26
86
48
30
43
96
76
90
75
47
58
43
71
58
91
55
68
85
56
86
96
12
46
98
67
46
83
53
25
21
79
15
70
43
23
50
2
2
41
40
30
26
74
84
82
78
1
80
52
28
92
20
74
55
8
45
62
19
7
18
26
61
47
31
36
12
65
48
73
63
64
94
13
74
48
92
79
3
75
85
14
26
45
14
87
75
81
28
28
93
14
98
48
76
76
1
58
92
49
44
6
49
83
99
99
61
86
60
24
68
2
51
82
92
66
60
61
40
5
85
26
72
68
77
76
88
49
58
2
36
76
89
38
52
48
51
84
4
44
99
77
10
23
94
53
89
21
47
93
84
4
83
85
32
95
6
8
99
81
11
11
12
21
6
62
74
68
86
99
25
81
98
18
64
69
99
25
25
61
43
11
2
27
75
53
29
81
34
39
62
10
17
53
83
78
44
97
62
89
20
59
6
90
33
32
8
53
84
63
56
72
81
12
18
64
77
91
69
78
30
86
1
78
86
69
69
92
36
71
55
43
91
62
77
14
11
29
7
70
58
28
76
51
26
93
67
79
96
49
95
57
12
59
45
24
52
17
50
60
44
12
72
77
60
47
11
19
95
67
18
54
11
6
7
53
7
58
77
82
36
35
81
93
26
60
5
13
51
61
47
62
29
96
23
24
33
84
16
32
36
57
97
99
94
35
42
91
76
63
70
82
26
73
53
82
68
70
38
16
91
67
19
63
38
78
78
96
96
32
49
68
69
72
90
98
40
19
12
51
98
32
88
72
56
54
80
73
35
52
55
78
62
56
13
2
5
90
91
35
99
13
14
97
3
75
1
22
16
64
65
85
3
31
46
75
57
50
63
98
75
5
90
59
87
29
45
42
1
64
11
47
19
65
28
53
73
37
1
99
98
18
52
28
87
87
24
6
12
85
81
34
25
88
93
3
74
32
80
32
24
72
77
70
49
70
30
98
56
97
77
80
54
11
23
29
9
36
43
53
41
21
22
13
44
23
18
9
39
13
45
22
38
74
67
45
46
71
2
94
51
52
5
38
62
23
3
59
30
23
49
47
69
63
87
99
75
37
85
21
17
37
35
99
35
12
90
85
54
3
70
35
28
63
75
32
99
9
99
47
65
26
26
16
41
28
70
88
80
39
14
29
32
74
20
22
1
97
92
46
46
88
95
10
97
85
52
40
36
58
24
11
5
50
68
28
18
65
19
89
8
59
33
88
23
16
73
96
17
58
17
28
15
87
44
66
38
96
35
68
89
52
50
25
3
80
53
94
64
83
15
84
57
27
25
73
61
42
85
61
4
50
76
46
97
22
77
22
94
44
97
26
23
97
54
51
33
46
60
15
49
15
44
69
58
22
88
79
48
66
31
86
70
68
68
9
38
46
44
86
20
91
97
79
79
