10230
-56857
10036
88767
-39473
85686
88125
82987
-96138
-96235
3622
57762
-74746
77685
-46680
53591
-34772
7780
-76786
-88640
60819
-20392
17556
-80485
-62057
18814
-13340
74992
28511
-67171
30391
-32426
-30308
48023
-62530
-25086
15859
76663
-36088
-77189
-21986
73123
-5881
-52751
67008
-35669
266
91782
5348
13676
32960
52858
49551
-97562
-52979
76880
-65583
47373
-77906
-6579
20682
-93023
82372
-46541
2138
29612
-5095
81068
37784
-11471
-1790
-23923
-90470
-9357
-48859
41900
-92827
-7752
-4927
87909
-72790
88544
89471
-34515
-93767
-20319
-30824
76921
96542
-20436
-35015
47928
80700
-22129
-85084
-12350
7763
50826
-64075
-77908
68204
-88573
-41266
58140
4519
93517
3304
81960
22653
72401
30296
-79497
29411
97075
-14106
-13507
-94493
66790
1570
-4568
54305
51676
-90097
35689
-29193
76017
58266
-43257
51845
-75067
56350
-99235
-17804
92414
99603
-41025
-73819
-89464
68808
8037
-71249
-98766
-94153
19689
-26665
7318
-41969
-59452
-25895
32741
62762
-63630
-62183
-83123
-50399
-26554
74712
77784
-26321
96445
60475
-99454
-45469
40154
30274
45945
9491
-8702
-49697
18290
67454
-95040
-31354
-10115
-10979
-76731
43633
56918
32192
8045
-26872
-23225
80091
-59105
-27534
-51224
11587
96368
-28011
-64885
-92774
-7662
-69170
73464
75116
27034
63803
-18724
31713
-80211
-35957
-20637
33899
-78008
43833
90949
66057
38432
-29805
7958
57936
90671
16481
-27887
95179
-969
-15130
33801
-47954
50181
19510
47809
36159
-70342
-71409
57430
-50748
33283
59978
-64469
4723
38989
17758
-61334
30868
98401
-51243
14655
-72144
-77768
-23546
88848
79556
8554
-66207
-68256
54353
57015
94412
62724
26913
-59218
-7772
97603
-72551
81610
-44550
-45278
-71978
-12413
2308
76134
-77353
-3443
71588
51553
-26241
16131
-97118
-30130
9956
-7150
-73779
-69418
-38820
-20489
-20209
44227
58151
49444
65786
-44778
87568
-19825
-60231
89252
-37499
574
30961
-84153
58051
24887
42529
51912
-99875
-51461
49863
42393
-49587
-56330
-93824
-36752
55915
75786
-84052
2622
37719
-59199
16795
-32785
70432
-692
41176
-44547
-44262
-51809
-37463
-51145
43616
-73273
-6304
-70223
-13571
-53032
-44526
17681
68132
83080
-58682
-79266
45857
-69959
99911
5252
93883
81874
22528
-47623
83490
88829
-35640
76795
-83307
-36091
-67832
-63215
-32257
-69997
-46530
52434
-83040
-86238
-90245
34585
-52159
-29951
79068
-70114
34232
-94604
52324
53183
-42079
23044
42525
-60049
84371
-10966
-23701
12355
64186
56086
54994
-20776
-46953
-74159
-5962
31219
-50773
76724
-86470
-15721
24212
-73812
-61628
83912
29758
84502
-29908
59197
50601
-90420
-65615
-61992
27343
-3086
75896
53919
-46254
84328
2803
-80456
36331
87690
-65942
98427
-4843
-19755
-51349
46714
89258
-73217
22445
-15162
-18191
78047
-67364
26236
31368
71338
-80702
63445
20008
-81267
-54622
-16959
-76808
-51230
76113
89423
45369
-23538
-23055
25908
-80612
75226
29495
-87859
-53299
39495
-33261
8893
34243
9942
19576
17931
-75342
18991
-45532
72687
-81919
-99759
-20660
62035
23370
-49692
68134
72773
16014
35949
-53145
-25312
46537
-98270
69470
1825
5404
2559
75015
-74747
38662
74371
71362
-71004
10327
-81900
22813
78170
8851
-67634
95024
39475
-45127
-86596
-26998
-6475
-78697
-91884
30615
-90154
83013
31375
-28119
903
15354
-26130
-65201
-5320
-94707
-1915
93247
60763
27887
77693
-27805
-86299
65467
19169
1977
-40021
34070
21520
-45112
-9593
-65128
-1526
41370
53650
33484
53893
84161
-81911
-62753
35005
-51559
-11687
54621
-20637
88454
64837
81825
-28118
-80603
-65197
-98044
17791
-47806
10528
5616
64490
23415
82028
-21378
-45675
85480
-84916
2711
-70220
9846
-38401
45787
58191
80439
81095
42536
17445
39252
-7402
-23938
45618
50932
96393
38315
-11115
84122
-7790
-73048
28371
53291
5037
85241
29442
-82647
99096
11728
-25051
-27932
46170
2838
-15760
57020
-22345
19659
-64047
2022
13132
61285
91791
28643
-87710
-92487
84630
23511
16204
10581
54645
-89907
-1411
-83478
-46964
-92534
-15269
-46324
25220
58600
-27765
40164
44411
96981
53035
-62201
33644
2926
59085
78690
-83294
54812
-5525
46127
23223
-94637
48662
79711
35799
30086
-31154
-88689
97310
-17781
-5566
43795
50205
13712
-47327
78885
-65209
26057
86578
58571
81435
-84533
23783
-55858
-19957
22569
99782
-66221
70951
66913
-46399
-97801
-53733
-16546
-68502
-48516
-18848
-8050
-36590
10322
88042
10701
19556
67800
-42518
71212
11009
84733
11081
-51417
-95614
-2222
-12063
31380
93785
-12055
-88744
-34557
51983
93182
89101
98216
-87241
31945
-98725
-10298
-48311
61461
21140
567
2237
19560
-89223
-37819
89139
-63541
70449
8189
38545
14238
-26028
-72436
76309
-25575
97682
6912
-75572
-25565
78353
13336
35013
33920
15197
-88910
-48512
-76177
-27538
95692
-86201
-64146
-37755
-24886
-91967
62220
83377
40779
608
-59442
66601
-85024
-27311
-9758
56470
-57940
16198
78242
-65512
85770
96406
58355
-37037
-91419
-22893
-32971
-92299
-3156
-67906
81502
-42336
-42587
-2556
14426
3948
66527
-91284
40196
-79613
-72251
46642
25418
16418
-9869
94024
69404
29935
-80910
86473
67463
-64605
76943
-10140
-13653
-69902
-61836
82190
-93874
81611
43977
31321
39826
25542
-31880
54128
-58105
-53066
-86832
-1579
42767
-74218
84191
47179
-59624
-6014
309
-12486
17519
-57430
61666
-94766
-93410
-42794
-54467
66194
-45974
-57540
-38863
-53540
-15742
65096
-55359
98424
-36302
-88944
-58681
-64765
36483
85808
1132
17201
-69716
5927
-66521
12943
-29502
88030
39423
31641
40138
58355
74935
97359
6527
-52685
-5611
66503
-80057
-66054
-58428
-22743
93227
-51067
-23385
57451
37698
28948
-29365
-54226
-84430
32277
41281
-54337
-16059
64161
85845
58701
17260
-29076
93192
-88741
-5327
46904
-48616
-71052
-46701
-46771
52899
-65520
3364
-38800
13544
-19581
-9052
-16653
4389
65497
-39477
-87105
75806
-83706
-44235
78309
-27063
-14401
77622
905
-99881
45653
18906
-58267
-30872
-12144
40554
84527
91314
-48631
89815
50478
44567
-77223
54706
84541
88694
-13198
48687
-37584
38599
88161
-75113
-27650
-17258
-30646
-40968
-76501
41276
-6817
-74302
28800
13390
15299
-45957
38670
-4614
-88609
43768
36496
-56715
48616
66530
-28382
-59585
69287
27703
-4079
1128
10251
-20702
-26406
-95648
85994
-35712
82150
-59492
-24046
-98244
-55322
77205
84470
-58100
89373
-65489
40357
71855
88840
47520
21361
-84062
69785
79448
88832
7830
99133
-35435
-5825
-36325
96747
-20670
-42102
-38819
86642
56452
84954
89322
-9266
-1590
-75562
-26566
-96693
-69155
1743
-74981
7527
-36880
62733
-55909
8087
-50326
-18164
-88823
69196
93066
56583
28243
-10767
40121
69037
-39189
-90369
64527
-16061
92384
-64787
-46193
-26011
-64777
-28915
-8664
79752
-19919
-87484
-36966
18317
-61640
85658
72896
74872
98350
47313
46856
37265
82644
-75931
-97140
53553
-46434
-94700
-37213
-36287
-90110
35279
-50266
11290
-67435
89833
12172
-24610
-62252
-36905
-77426
87326
-9667
-89915
61966
3524
37216
-23846
-18441
-21084
12439
-13078
55993
65029
-60189
-8113
-1715
82370
-23852
73289
75491
-78893
6251
39072
67175
42696
64420
5347
66464
13453
16741
15614
66548
-708
-74000
58179
-15741
-35822
-39843
81258
-22173
29418
60862
-24892
95269
40557
62394
28656
-43162
-50139
-37077
37044
-72590
42244
33229
25244
-7052
36893
80242
75926
-70486
58207
-31128
2858
26333
54695
-17512
-33310
-33041
-59286
8439
22511
70163
-14447
-88070
60962
-8186
21744
-95
7236
96506
84671
39973
6972
4975
15343
38164
8962
-70141
-65764
89970
42058
-29292
21931
31726
-64910
62433
14208
66451
47242
57808
-14334
-37600
-85749
-30495
82313
35462
24484
84627
78249
98084
-53163
1851
23631
11724
75959
74275
-25440
10018
-48581
58689
-19901
-1274
-16714
90757
-8301
79455
-54714
-87284
-42177
86187
47464
-40021
82124
-85677
35194
-43632
27457
-77987
-73556
70199
41235
-76185
-53905
-88734
-81777
7516
94480
75468
-91306
64272
55587
65620
91209
-57228
89120
87067
23542
63906
26940
-54756
60850
48482
23857
-25842
-78457
19765
-95408
-66358
-93366
16067
-52225
-65929
15965
39746
-19012
47817
8575
72238
62062
-30449
32050
81049
-69598
75800
-95588
80132
-73757
94961
-13752
-652
-85888
8054
29315
27145
-5347
-62064
-25857
97001
82881
72303
-77289
-85986
-77835
27911
-29753
-12146
-64161
-66946
13013
-55798
94969
-57557
79040
3408
36659
65375
57183
44768
24820
3710
-90358
-60140
1175
52569
-27628
68537
1551
-72223
33970
89113
-13588
25713
-31499
32425
80642
42400
-10080
-30223
27499
29733
35489
-41517
-13519
71574
5981
29443
16198
161
-56428
-16149
24047
98982
-28526
-11780
20815
8097
-488
3387
7450
19496
31853
-13166
-30298
-13506
-21591
89097
14971
-98675
26478
1798
93861
-35069
94440
12502
-846
-70910
-35781
89992
22138
53209
75547
68197
-14330
-7201
-21706
44614
-55064
-41630
-92804
-11650
31227
82561
-21905
-34482
62945
-61514
10638
27243
-92100
58668
21126
-15684
-94255
77562
18834
-99595
-34728
60992
-66126
-21747
28589
16304
60014
-50167
-81408
29551
-79606
-23607
-71469
-52646
67979
37079
76071
-4441
-9731
-90842
69321
-40252
15827
-63847
43631
9482
-97298
-7923
-18818
-9057
1302
13610
-10177
-64374
-6223
2763
39900
-9103
17599
-98783
85421
81720
20730
49830
-90119
-31605
61557
-92362
-16205
16992
46194
-3906
-33961
-37043
62163
53879
-61457
-79723
-28671
-67311
15354
58960
40626
-95901
18393
69880
6344
-78716
-52443
-75035
20540
39306
-15201
-93114
-83273
-50222
6188
-77880
-1558
-61544
54492
-72139
-54352
16202
-45151
-13736
34452
747
76659
2425
79382
46122
-30733
71403
-60631
95494
91590
-82317
55838
-51734
84158
-5248
33942
-29519
77511
85099
-8672
-14449
-73034
-78832
53420
-52674
11301
93058
66859
40596
7765
79098
29230
-48223
-53711
-6935
-48764
81547
-35437
-4190
-32750
57220
72886
73304
-9830
11240
94011
-70810
-13601
-50137
-36568
31833
-69669
69374
-84396
-12129
58110
45511
-73222
49243
87296
-36921
-76215
61269
-55957
-98129
89697
33172
98658
-44271
76565
72371
671
-80627
28477
-23095
6176
-40046
-6741
73236
-85360
24353
-87717
6734
63660
75493
66650
-96593
7272
-56482
57634
-21533
-17756
-80043
61093
29185
59884
-16364
-62748
47443
-93496
53128
85187
-38109
97169
-39543
88118
53410
-33737
-61416
27130
99282
25123
51623
-91966
34658
-35968
31099
-55729
-45669
-41141
-93661
-71076
-56722
86642
-15484
-14167
-78122
56068
86119
11913
-69732
42259
15921
14522
48994
-18640
-48381
-64069
77510
16257
-81280
-19418
4867
83220
-36685
-73846
72965
-15940
-23989
65948
-50229
-59018
18283
41230
55383
-1573
-84545
51744
-44547
6956
-28606
-13289
45537
53156
22312
-30713
99607
-32171
98541
79235
-94058
-60222
-4657
72060
33073
-97157
79158
4718
1654
79901
-51439
29673
-53830
-6912
94490
-62295
-50072
-30887
76646
-11778
45627
50684
33010
79893
98131
-42353
34683
66301
14648
-707
-58387
-68566
54557
-20367
11099
15878
22335
87245
-21634
-54882
-53363
73055
-19078
27136
-4521
-21223
69040
-91198
15750
-87830
86663
-20601
94191
59814
86954
40054
-58858
-64135
83894
-58592
42734
51036
86831
71933
-71188
-32039
-17429
85177
-36329
-9937
77302
79617
-23245
2352
-80583
-40264
-60244
28034
-39014
7873
-30179
60631
-25697
98600
61649
-93876
-48095
-93044
-15338
2904
51145
-82843
59856
-46105
-24740
-93029
61045
94445
35120
-55009
80566
-36713
-98092
20787
79503
-35497
62277
-68985
-83201
42366
44756
4899
-81189
-58778
26254
-84278
-26797
46028
51582
72999
-15301
-96114
7631
-61031
15120
-20294
-44958
-66935
-40432
96553
39981
-41758
-86417
42739
-43291
-37541
-57808
-81399
21425
313
-89471
-20232
47567
-75232
-2692
-68861
77978
-76316
-59391
42405
-19060
-82432
18208
78371
-95404
-30665
98763
34836
1237
-31208
-19881
-52851
22489
-80155
68647
11931
831
97220
-99732
63015
-31272
-88781
-49922
54844
-55407
-40258
-93636
-58618
-25251
90346
-63506
-95648
6104
38599
-61445
30754
-14238
52474
-27801
-56682
83557
-43779
-59142
5373
35094
-697
-28394
-69165
-73819
-553
43908
46441
48860
95276
-32869
53951
92598
35372
28602
18262
2904
80658
-64555
-76544
-30876
23203
77335
-25484
59914
-79438
61590
-50952
-45009
28808
-35830
32692
-6552
11881
-34184
-4216
-24457
-19565
-48520
-82489
-20867
97595
59209
36472
99008
-54236
49203
-76594
526
-80794
27573
-47747
80884
-92203
-67345
40625
32097
22840
-76250
17450
-39888
84997
-6983
21181
29017
-59391
-7634
-51411
-78300
84052
48666
19133
58115
-20863
80657
17523
79577
-55047
21899
17058
67724
95736
19640
-48488
72593
3789
26898
93147
43601
-38224
-16410
-67261
-51579
-31532
9206
37986
-26310
18085
-96678
-85876
-36090
-82968
41956
-69940
-13949
-12310
82979
59405
-65866
-6962
56940
79929
-84808
-27898
-22115
-72631
-68597
-98989
-13892
29937
16283
53148
4624
31441
-31817
-31994
-51598
96651
88346
-4449
23900
68162
-35389
85324
-67989
-25762
38277
57191
-63749
-23901
-26245
-17999
-54692
1384
-44779
8087
-61226
78411
-66045
99213
-22051
95221
65315
59203
46336
30840
91853
64263
-76439
-67797
-43094
6852
70388
-68878
-55044
67792
-30749
85246
-91643
-33390
87966
97777
82449
72413
-66463
1427
-29955
15271
86340
67062
19650
14825
-65608
-50577
-92420
54843
1981
-87144
-86052
-62259
20170
86245
31629
53181
-76470
-96135
-6902
-95702
92057
-39288
2758
-95641
3433
-5284
13105
80904
4508
52637
-35180
824
20190
91454
12537
23434
68593
98510
84331
27656
-37874
-36148
83298
-98883
-98959
72074
-44387
-90250
-26907
58156
67158
-17135
-67717
-76117
21257
31196
33997
23920
-13903
-84795
-71511
28444
23715
-80928
99559
-23158
-54610
79333
85309
-8170
-15997
-49977
-39549
-22454
-78811
56112
-39816
-96370
76485
-66447
26449
-91873
66014
-95266
2904
21057
37337
-72687
-93516
-84056
12014
62044
18358
9296
-55034
-73087
11847
10393
-31629
-12688
28259
59364
97528
7044
-12276
95171
-14679
70481
57056
75751
58012
-596
-77250
-89508
-38855
73322
-40360
78721
-26491
-6398
-84920
-80094
34930
-92557
-46552
14072
-72283
8782
24253
62230
34753
-53462
-57492
29379
15987
56104
64331
84842
-66670
-49349
-13417
90900
-96309
-20805
-77049
14394
56406
-72476
-46094
32099
-15530
-29985
-50278
10222
-39472
-97884
21264
61371
-39311
-71352
-7186
77550
-20776
-84887
-70551
9104
63502
97491
-44353
84326
-58601
-19402
-95263
6766
-3027
-6352
92333
9565
-39436
-42456
33101
-91225
32995
-2602
-24324
-65194
79782
-36995
-17384
35016
-57190
39327
-27857
6365
-496
86067
-52768
20571
-83618
92416
55044
-31588
-14859
-69178
-24992
-85979
-59920
-71678
62059
54151
-2535
21332
-76830
-12160
36543
-70016
38130
25824
-89130
-647
-18
-34165
31546
15660
97668
-93967
23852
-47583
-39196
-60885
-69405
-73601
83943
99418
86444
-65949
47252
78646
-46364
27763
-32577
8298
-82530
-21272
-71518
-64765
-94154
-72803
-5200
59589
-81304
-57560
20683
-25567
-91991
86193
-74395
76092
-12206
62050
-32425
-28981
19860
-39359
31719
86601
37735
87854
29648
20116
-88645
-52667
-28043
-55463
58335
633
-92884
-58272
55755
74396
-43455
-8423
-50673
-32395
80495
-26873
38681
-28479
90580
58637
59604
-37513
-49707
79105
5708
-78622
70573
-53732
-45982
-28195
64354
-8486
42418
-81367
81981
81149
98407
28571
52565
-31319
-22623
85087
-72907
-45202
-30782
-66375
78503
99841
62436
-35716
32090
-58733
9307
48936
-448
26150
-96733
44357
-73932
-46964
-27639
-17886
26245
82001
-12726
72017
61497
97601
-36423
-71846
16765
-12153
-80537
-13964
-72948
62759
-67166
76634
74426
-54844
-63401
90536
74317
53924
-44551
51116
-72022
68646
-76486
94236
33263
-77156
19111
-88643
-37707
77765
76570
86579
70971
22769
85004
68676
-6689
74774
-60463
70194
-89652
-18504
89981
-2613
51826
48581
88572
-94825
89541
-22457
18062
8892
62187
-94974
-82294
38784
27809
24464
46678
17504
42559
-53627
-33837
36100
45046
-30226
-524
37155
8395
-78034
36486
61838
-39199
-45768
94859
41942
29554
87361
-47004
66945
-16074
78596
20573
-88338
33280
29387
-42473
-9535
14780
74874
24292
18385
48031
-80617
17187
-85054
41516
-98113
-4257
28021
-51495
-55520
-53501
-61006
17682
-28925
-40435
93729
35361
57998
-13617
-59005
-37972
84393
16280
44967
61710
-31224
-14445
-89229
-65806
-14095
40085
36763
-33647
-77232
10889
56139
-90456
71767
78086
18651
-46740
-55511
-46302
-93899
37832
-34702
13230
81302
56385
-20703
90850
88043
53341
-15001
79597
-71627
36736
69680
12758
92446
30928
-47178
-663
-80842
-48572
43005
-36422
-76990
-55288
-32493
-27769
-42740
90138
-6338
-33139
-3496
31807
-77103
35880
-16655
-21702
-90446
-47098
-18632
99800
54342
-90984
-69878
-41332
-66923
68548
56278
-3671
-18619
48600
82548
76912
-79065
35252
-71128
73748
2911
-26188
76528
39513
-10558
38764
-5626
7659
19945
-16144
-34141
20751
-43616
25814
99251
5320
-12446
62781
85341
48435
-22230
-39431
-62537
29107
56858
-17842
73831
-5588
22649
65025
13896
-19820
53627
28241
-26702
73834
95565
-88682
73327
53606
-35935
50420
29420
-59215
59364
7303
-59519
-1148
-10721
10771
91312
91359
-36812
-32140
-73142
8328
35019
-59391
-12044
-2542
-97974
-43497
4278
-11749
93409
-62848
50018
79111
25200
-93016
74343
-31468
-62943
119
-67659
75687
-36361
52764
-60196
62146
-18658
-71326
-92800
78976
-63795
31169
56293
34422
-45252
67690
-27723
-74979
-28229
-17187
16742
-64725
52032
-89257
87239
18707
63092
-68646
3746
-18152
-72530
-81624
17064
-37620
63638
5053
33602
-18247
53601
76556
307
-13
5157
-91217
20838
-87286
-80612
18813
88454
-78681
73875
7925
31782
-86167
-22274
16775
-35625
84
-83851
-94767
-32412
-40367
-75373
-49732
-15128
-90347
-44669
-70408
65076
-39397
-34818
31048
-13060
54720
-98810
83001
-71207
14130
92493
87566
-59507
-76514
75279
-55547
68077
75463
23888
-53399
8299
-37333
95321
21150
37672
83491
-94948
50979
3858
29709
73406
-21176
-47720
-54740
68760
-59285
6666
10701
-63684
-56422
-94918
58869
75065
13479
-39562
95192
-30770
21574
-95808
-59050
26213
-82406
-52852
58305
75247
99736
-44821
66110
-58254
-47943
-29269
-50702
-4053
28080
-39714
-30998
-26594
-77239
-80714
2427
14203
-6200
-69534
98875
-84002
-92050
-11443
30769
-35068
-82547
87931
89403
-86077
94912
40664
-81479
38591
-33081
8958
99292
6729
6771
34145
-49815
-34111
-99170
-80685
-40558
-12488
19191
11314
88677
-76570
-88048
-55205
-56003
-16284
-67386
-51794
52650
99758
96893
96561
-68742
-76205
-33485
16030
-87123
-68759
-52994
88199
-50578
-71403
67048
-98580
-65264
44907
-58871
46693
68262
-73814
24163
3174
-42790
-50217
-71092
-96111
68632
-20142
-90145
-61120
-96788
30861
45010
92473
-45433
73865
-54592
56407
-70657
13328
31312
30239
40714
95762
-52514
-33556
-67325
-54408
-13469
9371
1468
28100
-16633
66070
-68216
73076
-65223
61759
-17913
-91201
-21503
-37084
57679
-31262
-15747
-34256
-83144
-41882
8843
-50767
-83858
66048
83199
-19838
-68146
50168
-5984
96925
21580
-74942
27359
73106
80117
63131
-95129
39627
-52590
59741
-87274
92851
-47073
-74032
4346
-53618
78779
84836
22004
-12870
35175
-85784
48850
35044
-24165
-18569
-8836
39389
-63364
-49025
-7834
-30643
64936
92099
-80232
89124
-30729
93410
-61393
65747
54883
-87887
-37991
4967
70966
-4375
-79197
-75735
-77644
7959
90777
-20308
9394
98876
-56257
86222
-77325
88559
20690
76570
42624
-31798
3214
34767
-89189
70467
-79439
62269
142
10247
-62455
-99146
-26023
-52639
38204
86773
-17145
31062
97466
40739
-74252
10923
2753
11660
75517
-94300
12990
22239
-40995
-73136
58456
73226
63217
-7238
-26329
20988
-34960
51365
41958
-30204
-23924
60483
37660
68864
9465
-10010
-88341
53003
56907
18501
62405
19693
-16166
-65757
55633
-53237
-74728
68311
27061
29502
89248
-12598
64972
72418
3180
-55378
-12881
86864
-43235
27276
-57526
-3657
21295
-86121
520
-73409
-97787
64122
-42631
196
83202
-86523
35233
-46859
-57787
-88243
-40883
19505
13600
-49996
23978
73889
6488
96688
-57247
-79228
-31979
46477
54667
-31587
35251
-25178
14155
63541
-28305
-48283
39451
44004
86581
-56454
-19212
-91216
-15370
57239
13262
-37788
49070
68154
56972
89768
-89329
11092
-71589
86142
-82570
-60151
8818
99826
-36453
39711
42588
69568
60981
-34934
-96046
-59699
89752
30940
23418
40008
60799
99975
-35348
6747
51699
4240
60448
-33495
91345
-4240
-63647
71555
41419
-2648
-15245
93234
10241
-99074
45396
-14995
-20663
13116
-98540
-90297
-25650
23086
57136
-96335
-26425
-67017
-25742
55986
-79383
-60151
-20304
40802
13867
-77722
71739
93026
43063
-72225
23767
-226
-61220
-89347
-14781
59340
28260
22075
-46341
1415
-96157
30569
3994
88964
-71607
51357
6690
84791
89571
-23025
34325
-8304
82192
43187
80668
-62070
-61891
-54378
-59019
-92878
-33429
-46276
16249
56207
75625
-77867
-72330
81764
83182
73862
-22316
45659
61994
-80762
-83517
-87223
-30037
-71505
65783
-71661
-33290
72176
72228
52850
11491
95847
-39290
7204
67582
54946
-67876
4777
46522
73140
54726
-18379
-56423
34910
42429
-45698
90689
57279
64649
50494
-95688
11555
-50031
-91636
-94786
-10556
-38452
3899
-6380
-43056
96502
15429
-79131
-78048
-27424
-3258
-11717
53078
-26352
-4288
-13440
-52169
51232
-91868
-73322
20878
-8875
-51036
-45522
87768
60382
-38865
31411
63889
-39957
18939
40025
-73508
-90065
-22261
96157
-36819
9006
-8650
-78570
-45919
63965
2814
96904
-86496
20230
-44530
28643
-90092
69082
9888
-69762
-25855
47239
-98292
8863
-56967
34667
-3988
66769
-92914
51761
-58925
-63255
-46120
-36317
58735
80056
10438
-23378
-5936
-74256
-46363
18847
-24262
24827
68639
39137
67341
54118
67869
-31619
-61088
7548
79421
-60571
1779
-17769
70184
-75603
61485
89662
63702
-63464
1711
-7843
85331
9259
-33631
-75332
-34103
-29447
-71846
-28163
30843
10683
-34665
-78986
49338
83947
89318
-11796
-5040
77795
58991
-69720
38728
35338
-41019
-76986
-56356
88308
-11745
70041
-19778
-56644
72084
-22466
-55830
-70672
-84203
90115
-14050
-75353
-237
-59613
37414
-20326
49115
-92896
-71433
49598
-39478
-82447
-9410
73515
-10900
37526
698
-24149
30079
-29614
93728
11235
11944
98167
41050
74336
-83933
-61533
48624
87335
88492
72056
-64382
-44320
39640
48710
52066
-68381
98303
76980
86263
-31544
-46498
-14455
-98048
39904
79558
18398
47491
30810
8062
79367
15375
6194
15424
56916
-6651
50206
-57165
-52994
-56890
49452
-78641
47158
-30617
-88799
78269
-14698
50294
-41103
-32220
-61092
-62322
-87717
94597
-52853
84212
-45061
-979
44116
70858
-5810
97809
-42444
-31129
81956
-24901
78415
-89335
-70150
-43243
27164
38076
63274
50305
92977
17390
6727
32896
-58472
23503
13831
-53006
67579
-24341
-94338
42637
-55236
61608
-42176
-46610
40891
-21532
-79788
-54874
-37877
56215
-24244
90944
-48533
99119
-53172
47200
-13161
-2161
-42036
-69506
-27434
12885
20116
-67180
-99749
-12843
60646
-25155
-76483
-79491
88176
-49662
71500
71120
-62174
-86902
-79787
26282
-35846
88752
-70783
-4034
4885
-39130
95789
-51636
-44424
84038
25286
43616
-11336
-60645
73587
-14073
5890
21870
-71213
-12677
96001
-85108
21776
-96644
-51463
83712
-87046
95255
-73481
-27259
-8394
95103
-32434
-58155
-65597
-64989
-33893
88537
-49847
85148
92770
30850
8369
63721
-44282
-11478
60696
25355
5723
32778
-53429
72911
-39894
-93908
-76528
3748
42601
60274
94667
-80538
40217
-86621
75980
34805
-48652
26968
-48833
-87695
45614
52766
-80695
89967
-21597
44079
-5455
92808
13853
-75016
-91498
89273
35075
35928
25520
49750
-38092
-77208
-1858
-33027
18565
-39607
80124
-77679
-58920
-73580
1536
-24851
-79425
-99578
-54247
77217
-29899
-39123
31210
-71065
-9191
-52577
-28876
83937
-63475
-1192
-65896
-7815
86127
38817
85480
-21115
-19916
27296
-81007
75492
2396
-48469
17255
68000
70559
85103
54796
-60534
-97025
-34122
80187
-30684
5842
-37432
37284
50966
-80141
-53371
-65135
-6693
-5374
24893
12164
14623
-74713
-81862
73425
13932
-48348
-60728
-38984
-83412
-69094
-11257
-10847
13483
76474
-61767
12122
-9279
76578
-63586
-98588
-40715
-3523
-19694
42572
-73652
-64038
-76671
-50984
44230
-3182
20961
30388
12006
-55285
-61172
32679
67509
29984
-4178
95573
-37649
78527
-67875
-47931
26495
77924
79511
-61420
62191
-60285
62541
-23071
-48107
-30280
38607
-64602
-25735
94342
-36789
99139
6592
-52654
53104
-94378
-3320
-41882
-65460
-66080
51517
-18904
-49267
-93753
-36043
49370
-67732
18811
-82553
27461
-131
95634
74882
-96071
-41503
91138
-65635
57192
60635
72834
-44782
-76677
70310
17521
-14102
77423
78586
9256
67022
56088
30634
9016
-48281
-95980
-53196
-35051
-1743
-10393
89815
8695
78119
45428
37195
-25293
78127
20940
-6902
55250
96046
81891
17495
-33968
40800
3738
-12589
-75115
32138
-48577
-65754
42739
9722
42140
-29283
-26226
8338
-58443
64457
21833
-72616
-85970
-84393
64986
-1055
-20915
-32277
-23082
-8646
12576
-84962
5642
59900
-69538
-54520
-84205
-70142
97065
73619
34990
-64747
-61073
31790
77297
65531
33279
58364
79666
-97806
-73679
-59480
-56549
20873
28439
-91954
63169
-13861
47484
-27405
99609
24549
-74284
-3018
887
78580
80970
-1827
-38890
41417
-91400
28533
-60181
34623
-63977
-94098
-39091
50471
78695
-32464
17483
-13991
12449
81754
-32010
61452
63963
88130
81219
56910
62105
-5494
13969
-81967
-58975
-27901
86571
31749
-34950
32242
66226
23936
34947
-64683
68819
56981
13779
-7280
-94177
-46186
34531
-7661
35748
37506
-78792
25167
-42775
31184
85987
24696
99452
67229
-94794
65963
-43648
87076
-80981
84080
78731
-23403
-82703
91663
25164
27767
17966
-54808
-61556
72290
-83194
61951
-66774
22268
21909
-45567
-85480
-38858
-73855
-31087
-165
-30632
-46151
-25003
5121
92041
-397
-13588
-89823
-77759
90720
-83858
-930
-88889
95939
20282
-90278
-67730
-88675
-9138
-75038
-83603
-10310
-69475
72805
52464
67423
2288
-21692
-88689
47501
90548
73680
3673
-90892
-19455
-7981
-17166
13129
-16298
-94284
-15733
86848
56530
40854
28490
52771
16317
-65568
5608
9997
10988
-25903
-29130
-51460
9926
-89255
-14568
-4507
37795
-68543
97635
3999
12056
-45322
-47733
88402
58898
-6924
35400
8879
44643
34564
71443
86856
59105
60880
-61672
-31273
25633
82385
66360
-77784
-10751
-6331
88015
24405
-51779
-32855
70710
4296
-74551
97119
58091
26890
3190
-65957
31307
12011
59356
-59541
-36655
51204
46244
-845
-56586
87066
-4952
-65185
-78481
-79679
52794
78205
99651
-56596
69074
-26118
-33978
3994
90779
-33593
40629
94924
-50560
-88852
18159
-6859
-81621
-36361
44704
-17509
-99368
32198
-74220
-3289
54410
-24483
53894
96004
-49722
33394
-96508
33077
87129
-28680
3855
-32285
-56969
-23231
56329
-77768
46512
-62483
78594
12752
-37529
-57706
-64965
-1108
-34370
-67870
-62364
11836
-18947
87227
-95070
38058
-5125
46176
-46489
-50506
-63243
-54912
74493
70613
2392
77757
-35382
-93438
91221
-87660
39857
47081
19132
-31310
78426
-14213
-42315
60175
-35300
-90761
-60286
-68040
2548
35418
9944
18791
2802
-72624
32343
72412
-92876
-686
20351
-79754
-45905
89256
51834
58407
-99273
82195
-22374
-41916
33204
-97546
54044
-78908
29707
74975
36121
80575
-70338
81498
-20718
30768
-85195
70169
40185
47475
-40846
-94221
9562
94848
26802
11805
-77659
79874
78707
-19055
-32115
71973
54034
-52205
-51742
-94051
10072
-66091
47716
-55744
38301
-64384
14694
7018
-20098
5594
55962
20238
79429
75239
83459
44388
36450
-47644
-80798
42252
25281
-33368
69591
-43792
-5932
-81620
-58383
54381
14173
-39024
-68616
-23527
29465
99493
74188
-61840
44424
-37547
-52609
-26712
-23828
-1158
93941
-64517
12793
-62624
41849
64694
99025
67785
81921
3049
94736
-15125
79372
-89437
50160
-22609
86913
-4586
79148
-24806
51860
30640
-98410
-82176
44264
-52434
7045
42102
-56562
-54947
59013
-93533
19423
-8106
43032
-6608
13477
-82516
79009
-84567
73695
-77944
-55401
54702
-20019
-47406
-26248
-62906
-69636
16739
28010
52715
86519
-64330
74097
46235
-9884
27534
27821
-96882
-26946
15508
-80491
70692
31628
80935
-13764
-80313
-72570
91964
-7486
-84828
-65653
49422
50731
-24590
69394
15580
-2670
-77463
-88795
-65191
-21685
45025
29378
49563
-65063
-1502
-65946
-37661
46661
-82889
-4886
-32880
32480
-36984
-1073
69513
-86466
-1700
-9311
72837
70718
20917
9429
51595
-74318
77025
-43364
-86244
91192
-88434
52424
-700
-74289
-50132
25741
58160
-62896
-48923
53910
57636
27189
77732
11645
-89565
-89442
-53005
20055
14395
-97477
91632
-21655
-20937
19668
-26224
6595
-63756
-73212
57560
43901
59876
-12561
-22552
-59792
-13029
-97928
-9101
57404
-16559
18036
69715
76552
53283
90946
-20265
17915
96396
9484
58375
11978
90336
17755
-72731
-67807
-34823
-39728
-67977
-36950
20418
3371
27155
47187
-77116
-46602
-74295
-95391
55425
-12765
16358
-32804
37296
66592
84320
-70840
73782
-19713
15680
40717
45106
-98882
59868
64119
85216
48159
-70366
85243
-2501
-37445
-16880
-67426
10676
-85109
-9602
39088
-36336
14293
-55479
59134
28741
-11076
90526
-50378
43740
38803
-44247
83804
-96507
-33196
77775
36168
-18020
-18022
-65393
-90540
-1107
-41604
-59351
26664
-19078
19842
-79281
43541
58530
-30850
97915
10276
-52051
47641
-21784
-50086
-45777
-9192
-44192
-19689
91550
-53852
-21621
3867
67950
82954
74053
4205
-45933
-33854
-17020
-83133
46143
-84930
-35180
-56582
-78233
98449
-85301
-90261
-56108
-28076
-41744
-59263
73635
74122
-41774
34201
-40484
-61801
50116
-35742
35496
26322
97798
52181
-17626
31089
75859
72515
87313
-64524
-14798
84519
1807
40477
-2885
90212
21760
-66437
-58935
-38129
17126
96631
85397
14139
-98400
26133
-39351
50597
-44225
97367
56578
61399
40718
-48595
-50457
-20810
84957
-39043
99258
39589
-14960
87620
-44193
68014
-82392
-84509
54083
22211
19655
99301
9990
23893
-11376
-45949
5853
-27342
-48765
-29549
-56350
-60970
38937
13476
85311
-64692
63835
-40042
-77761
54396
98070
-16462
-84538
-41041
-29916
-69085
-21065
56925
-83095
60518
98847
-29541
-32388
-90872
10084
57100
-5328
46504
-56856
98870
6519
-75979
54096
44515
-95139
-26847
-29005
72202
34579
-84983
29802
26024
55162
-54310
62645
-82582
-52971
5969
73150
26820
-62814
-75882
-2610
77518
34509
66871
-61829
-23581
46002
41495
-76943
83250
98002
75823
84064
82576
91837
69293
41940
-87622
-56758
-55736
-68426
-16432
29373
54090
42562
66044
63317
-97
-19779
-14719
-85697
-89945
30166
1695
-43780
76312
76428
68854
-34377
-61022
56407
-90867
40511
41879
-70067
16239
54323
-2165
-14958
-49757
80503
82055
-31435
64358
81407
18686
79857
-95024
88279
56175
-38155
82329
36685
-94890
-21505
38495
56269
-95142
-88671
47949
39558
-19886
23521
62942
-57119
-58920
79255
34506
-77461
-45783
-31013
-52685
19321
22283
-11723
17153
-12110
-77078
-23492
-53667
-96081
49278
15392
77105
85981
-39018
-24864
-31586
-83864
-49624
-78994
-77738
-97133
-99307
-38602
50600
-86079
-4648
81279
48276
11797
83022
63224
-79012
42965
-80609
19944
-11744
-53356
23198
48675
51920
2326
-20676
-31782
4431
11069
24508
-57506
40255
8136
-24253
18171
-8653
91814
-3102
81881
76371
64610
9494
-1300
-80394
57423
-80711
11704
-87219
-48132
-70895
31120
-95434
84650
-93921
94723
-75723
69185
71806
92989
-98455
-17146
-7460
-87299
-56828
25539
-71565
-64304
-1665
81267
62834
80685
41197
-50288
98280
51077
36286
139
60326
-16977
44358
-4400
56314
-34861
-44242
78637
9980
66331
-76288
-25686
936
61112
-21867
90144
95820
-27586
-85117
-86396
72771
13520
5149
-70657
10603
-82611
33980
-62333
-9282
-99080
24966
37931
7785
-34971
-81844
835
77606
-99030
-18796
-52552
-43731
-34493
-96574
21007
-55808
51103
83042
-97705
-38305
36965
-72214
6634
-55674
28400
-5127
-36784
-56554
81938
80300
-23299
93000
-58734
77279
2598
2412
-37182
98914
-3873
12973
-39420
-78960
9510
23222
-8811
76869
-43207
-27998
-54301
-87058
-59108
-16525
-60437
-76036
-62510
-35721
92042
-93860
38243
51824
-76688
-48478
-87014
22472
50078
35230
-61693
74137
-85832
-98673
-81110
-3645
-27413
59753
977
-35160
60630
-32229
24793
65370
-22916
55518
55083
75883
16236
-3873
6124
-45483
91268
-55046
85024
30496
80122
-30439
36100
-10791
-22705
65819
-14443
77799
-71431
-24494
-16486
6333
14769
-10433
-78266
95491
-98278
21078
7831
77879
-75813
14085
9700
-72311
49235
98528
98557
63530
-8303
-97454
-99204
18858
-19564
3191
-60100
36808
-40770
-71634
-93000
-33786
18997
33204
-17330
59701
16297
89473
-23097
-75862
57310
78539
-81737
53492
97652
13232
-29849
26278
-96163
-52774
34418
-23387
55508
16363
61428
-96849
65132
-64204
-68526
-77270
-25336
-83335
-41343
-24720
-90873
-89041
94904
94798
-7517
-8818
24981
-48238
-4234
87970
95209
-29883
-27426
-91602
-52006
44496
20696
-11452
-3132
-7099
-56676
36732
-30808
31070
-21397
-51155
-42934
-85154
-28210
-3599
-20567
40677
-62299
-74332
-35936
-97114
-18961
-18636
16212
49375
-32533
76402
-99267
98337
-6351
49026
75268
-41008
-51547
54239
39089
-48373
49259
-9284
12775
73173
1916
-23490
28661
60241
-36105
75826
-50508
84739
-34261
27188
75794
-15298
-31288
-177
8888
10025
32749
-59653
-85600
-11446
29965
-11303
-92577
-33997
-97404
-15895
52456
-2681
18969
41997
8379
-71481
60393
-31484
-12211
58446
59832
-60312
-13131
-84426
60809
-7974
45877
13322
10470
77850
32919
89506
-35361
14511
-98698
-35564
-7435
32598
-21293
-73680
-29347
-27220
-93412
-1608
-32671
73755
38411
19957
68266
20984
-54883
59360
84490
-9191
-97587
-43370
75817
-45577
87413
-19428
23994
41968
-61068
-39384
27957
-90022
20127
21729
-64479
68085
-57873
69850
3598
99418
74967
-26362
-91856
-17452
28873
-86365
73789
-4979
-35470
69660
97545
31399
-23856
-14483
95318
-30708
-15255
20520
38856
16967
-52907
-87362
-40536
-50345
83288
70390
36469
94363
52192
-37595
-73973
-34643
92226
-26274
10125
53828
-95027
51554
57080
59037
63752
-4806
-99193
21743
20669
-77997
36821
-34531
92641
-28615
-36840
-76043
-62780
-34693
-23769
21918
95697
92355
-64737
-84383
41711
-29736
60297
-37616
-29275
824
-77189
-61511
-40089
25051
-92238
-26541
-72809
-36714
-21244
76420
33002
83912
32221
12448
-31013
-63406
-63085
-32292
2017
-96067
-31595
-23250
-15443
72868
56403
-78469
82071
-33627
-50665
45724
-45643
-85457
-38447
79730
23911
84274
96480
79958
99185
12243
77996
-82869
65089
-18613
49449
-59833
47021
-872
-13597
-22330
53481
-57926
-44020
-54322
-45066
-60078
49741
32492
8701
-44563
20996
-24122
-5256
-83229
21290
-11908
10204
33968
-81119
80662
-57747
-55865
31853
79612
50457
-57813
21309
94927
-68735
-20644
29380
94476
11477
-98736
-90070
-72805
16208
-47380
-45947
-67509
-75319
-22945
-11686
83956
17797
-20247
22645
16304
47152
-55236
91667
55902
9216
-52742
-17466
74041
77020
-12153
23804
42600
-86790
-87342
-84995
9303
-2336
26908
-93147
89260
-53889
78086
36541
68878
80778
-62612
93854
67723
20326
69462
11495
37979
-34079
-28178
43779
9201
-35392
-63784
-488
44019
97511
80316
24415
-90940
20106
-99290
17038
-6524
-80625
31499
-92940
94373
87670
64015
53793
-52207
27828
-99337
78063
51666
-56359
-89140
-70575
-43393
60287
-81855
33536
12706
-25938
-83145
-86264
-21407
-19257
84243
38729
69729
-39164
-31939
1164
-30999
-81301
46870
-99107
-34123
-3964
20272
29631
9893
7715
3549
-68240
24958
-49973
-53501
-29371
36487
-49408
26387
77431
-13905
97995
-67593
-80514
12922
-72662
55413
-55329
51745
-55099
26918
81078
-29819
69778
27351
30124
-42175
14569
-52204
-3154
25094
-39440
-40012
-7357
-1608
-26926
58820
-39206
13206
62298
-69841
-95847
-73187
58309
-72569
-36155
88897
-15890
62950
73865
-26064
46325
-65810
-83216
-2281
-56962
96972
9230
-59170
-30881
87768
-2934
42991
-57137
86837
-92945
-33199
93847
-63908
28525
-70374
7527
-87532
-88207
-24224
74616
-77456
-34403
-25560
-89764
94459
95027
21043
-43208
14579
-25827
60098
34965
86689
-27283
55815
-40462
71518
17242
-46815
-27267
-88111
63566
-60570
-8864
-75235
82098
69175
-56377
-13264
-29125
14614
-88051
-78173
23541
48784
76081
10763
-28089
-23221
50311
-15340
74538
-73749
70045
-99871
55202
-76715
8064
-50551
-14250
71161
54809
-40780
-15856
75795
32466
-4636
82421
-83982
-41592
41704
-25522
20025
-94806
-61946
-23475
75250
-95170
20554
-24296
36678
-73926
89036
-41398
-6985
-69597
-72496
21280
28714
93950
-64977
-8258
5091
-38906
-45731
88210
-78410
-26109
87595
-62966
-11204
58333
-99489
56922
74318
-28192
-8922
93863
37600
-46768
66679
48098
48896
-59178
76114
18649
51117
-64906
90860
-17269
16661
-43933
45223
-13905
-89587
-66080
90625
36135
-52367
44258
-94929
58259
4309
87362
87540
24937
80095
-39280
35037
-60215
-17346
19516
55280
-88917
32592
75207
-68163
-63705
-11166
-91020
-96041
-86803
-33738
94724
-5996
-98897
94036
42439
-13544
7933
-31821
19646
-76879
13074
-2512
84943
-21119
-52383
23572
20157
28969
-90966
-34067
-46230
-85602
-47121
66863
19914
25722
10108
-66184
59630
-67937
60696
-73996
-99682
-45572
76489
-27291
-22976
28750
48189
-65383
50953
-62929
61153
-57456
-70030
-81775
-5525
82024
-59741
22612
6329
27684
-82860
59819
-49235
-21097
6397
-48965
-55719
94534
62698
-61958
-93190
-47642
-72627
76618
-76090
-96444
49908
-42111
85253
-27975
-95414
22834
39800
34748
52420
11718
-73535
-42474
46647
83159
-54386
92246
-68942
-67559
-60856
51208
92120
-58834
-14389
53711
58411
33069
-24572
8639
23380
-40600
-51744
1154
-823
-24899
-56376
49352
-33460
-9819
56457
87814
95405
-58317
-85474
93068
-64644
-21480
-59901
-17817
-75126
88762
-72933
81715
-32593
-59280
-10244
-63523
85253
-37888
-14505
-30739
-66202
-39163
-14622
-1152
-91256
-40612
3289
-78326
10661
29490
-46811
74864
-86159
58872
13246
36833
68702
43107
67154
-39791
8655
-79579
45775
-41696
-6996
40093
34928
-65677
-45063
35042
-41355
-86078
69522
59132
-78181
-85558
66479
-4032
-37426
30826
-67240
-87547
12685
17006
-21967
-36743
92347
-63026
34384
-41002
62553
29907
-24626
48603
-45033
32380
-60953
17224
-16919
-3578
-47545
59689
-20862
1593
-85948
69168
-1608
48266
21276
75053
-69174
-40592
-69591
-6339
57588
-88190
38790
55053
19348
78361
-44836
11149
3309
-39463
4547
18097
29476
12894
92313
55874
60500
86198
81869
68763
-77373
-92975
-60873
13638
-12129
-43710
17118
-93066
-86916
50833
35358
46486
-76111
22780
16336
85052
69157
-23882
87014
-83752
1479
-99682
-66514
15121
66310
-53877
29744
-78372
-83796
58432
-80658
66925
87729
79114
-89075
-14939
-86111
-90704
83348
67986
74181
-7854
-65915
64308
-25623
-5335
-2342
87521
-77353
67111
-84047
-13896
-30274
-92156
95733
-43832
-78299
-763
-99225
-3976
-84512
-1843
-9334
45497
-87563
79341
16242
-12447
-73971
61247
-55349
-44025
-6898
-83140
-10638
99014
3127
-29494
32275
68658
-31220
27344
-22210
95535
69241
-45499
12196
56688
50106
31203
-4129
94788
56092
33484
66844
76176
12860
-31991
17531
96867
71232
75682
19124
-95998
68542
-95179
3473
-49077
-67344
20607
78705
84396
-24521
-54268
-92549
-12242
5346
-69654
-34747
56938
-9877
41409
69143
46103
73361
60901
-18328
-47479
71313
21285
-70059
65756
77780
22613
11078
52701
27494
-22197
-8020
11692
-88670
-15421
-98295
-64640
40674
-31334
2155
-24409
17491
28156
-49526
-3033
-29725
-48927
13761
-10945
66438
7616
-50671
49191
99221
91186
27193
49853
-15275
-86290
98551
-7089
87847
8609
67310
41182
52714
-2083
13695
22001
-12353
58377
63676
-53863
37603
98361
-9718
82526
72139
-49156
-2364
30958
97018
-44961
-8525
4461
68756
-45741
43157
91245
-36815
27219
-38567
45180
-47393
-17920
9055
74826
81812
92426
94737
-90495
-77899
9023
-37874
87877
-50347
-60462
-37630
74170
-88240
50949
-27490
-50665
48847
66393
-68466
-10426
-79286
-3849
-52653
9165
84151
-53877
-87146
16762
36140
-52549
7001
17739
46555
-17284
-22740
-20321
6482
-16285
79305
78198
60603
-2179
-27064
-52368
25717
17081
-37744
72255
-35094
-24984
78539
26185
-8026
-14037
97392
-24076
22482
-75866
16941
-24891
57653
-41162
-93688
-5027
-59484
-22793
86351
15744
-8121
-83122
73441
96852
-38317
79212
-73248
24685
73963
24253
-40495
12698
812
-73044
-50761
-76657
-79670
-11137
-74520
-86291
-91311
-73055
-82343
-7117
-52188
-58317
15005
-59426
-55800
54859
-2618
-50779
9746
-1387
36829
-21874
-83006
89368
32135
-27550
-90474
-66349
-49682
73240
-77753
-39530
-87782
-10486
-62813
-36731
-75633
-12126
49016
-66204
80369
86462
-8205
71659
425
-93773
-34074
-97028
55394
-73694
44326
-57966
-91416
78061
-16135
80763
73456
91083
31226
40712
22168
83684
-19438
57763
77994
-54567
43794
90714
14397
-51894
-57226
-20414
-23192
-97523
-76935
-47362
24562
19181
-51301
-94911
97366
55623
99642
-42875
-84581
99887
-83405
78141
-2986
43700
-10229
12751
10272
87000
89062
-98523
89960
-33577
-43545
-91088
-27227
-56494
8967
-69576
9787
53274
-32355
70208
-23188
37258
6545
39881
-62047
7662
-45041
2440
-82608
-89004
24102
23604
-45282
-28984
-68095
-11735
39328
-92265
22960
26340
-14435
52457
-6678
71622
35032
-37125
-74029
-2702
56222
-55550
69598
-91908
7410
37489
23290
-25448
-33810
48870
-98656
80128
34739
62811
67498
31629
-84833
83026
84347
91342
-9053
22889
52088
-90044
37400
-5249
4744
53968
-26011
-60534
-38450
-35020
66384
-45244
-50629
92330
99288
-87218
68888
38912
-91313
-87518
11275
-32245
-43079
45765
79588
-45872
-47779
38505
66969
50610
-9782
81831
-37936
-7838
-71250
-93100
-21352
-89826
80240
-78654
8168
-50011
-8102
3741
85304
40161
-80570
99675
96808
-71838
-39325
-15386
79379
-71779
-48515
-17258
86218
35468
86425
29330
-8620
-65313
98571
-9762
-38794
34460
-27961
-90978
35422
31474
-78801
82845
-1457
-67824
10719
-16914
3389
96713
4363
81900
63989
-2236
20438
-42426
-52461
-45511
-76818
8904
9349
-5702
37913
96122
88435
77580
-10882
74693
-88657
-27137
-43310
-72737
-4667
36670
33761
92572
-3372
-29809
-40701
99628
-70935
-37385
-71169
-84708
-14791
502
-58227
76223
-18707
97209
-29842
4750
81277
-61849
62302
95309
57159
-90763
68691
-99971
76230
-52616
-80908
30694
43580
-81037
-35608
61524
-79388
-48871
-74893
-36283
26764
45566
-51263
-98094
-9867
69338
4568
-78404
-42508
-40679
26784
39170
80898
22031
-61186
94359
75603
-25044
89284
-63773
97350
64417
69654
-33971
-23054
-30676
29270
-79610
-2376
62190
35956
-79198
86306
99578
-80471
-33168
-35683
-14997
-54475
41283
52806
-82551
-8193
27841
68486
-76014
-83961
46500
6959
-22989
-93748
3029
-15284
-42809
8103
-28039
36161
59768
-38501
-67849
88595
12903
91961
-16227
96188
23100
-21279
57662
-67943
-79978
75017
71342
86569
-61266
-4994
-9008
84311
-3613
-14114
48584
68893
31246
-98449
9498
-48109
15502
61547
89220
-29110
22679
62892
-87938
98396
57076
-28456
-2583
-45204
-16708
-36315
11612
-17504
6414
83458
-72738
-37757
-58096
59330
-88567
93789
-91888
48914
59065
-49011
-35294
-24213
22707
-99288
63148
-52785
53481
65138
-885
56900
86108
-21560
-68515
-32752
-30960
43466
61475
5438
11495
-63667
73243
-34183
-41273
60195
37395
78858
-11903
25206
26803
-77816
-14897
81982
96887
19678
-62746
62483
-19910
81772
6892
-36450
-9571
-87806
-95777
94732
-38516
-88687
-38045
-47246
59338
-21835
-60580
77823
-7196
90619
40929
-54265
-98839
-45361
-33305
-32361
-66117
-12732
-16157
52756
-14431
-14132
-85549
17421
18872
-19010
18218
97759
-81184
61072
-86816
-38071
-37667
11691
20214
46585
82640
60039
-41892
49830
-20716
-34220
-21506
-94620
-69446
-97809
-31880
96908
62568
-16718
-75796
-19624
81855
-39726
30412
-134
-92141
-92934
91231
10816
-91364
-36816
51710
-61279
-35527
22316
-69779
-39704
65667
33115
-42799
38826
-63537
97087
-42851
-59011
30388
81654
33780
-71503
-20752
57574
-92187
-17737
-77834
-21624
-13583
72009
56470
-71127
-40605
2689
42146
48346
-49714
63009
6517
9047
35180
-71523
96518
57935
6575
-89988
22326
82299
-73212
-98411
-67883
15106
59958
43193
24797
15866
-50700
42291
46025
50045
32026
94002
4965
85940
21611
-23958
23077
76050
51317
52324
67908
92285
49995
-46788
-2090
40149
10549
36674
9318
47204
-38556
-89468
56162
48496
17391
-94449
59898
-91108
13013
-83821
-96863
40491
-77386
-83682
59930
67246
-93026
99630
-33337
-8589
-28749
-21565
-55982
44552
45198
83148
47529
-12096
46470
48201
96682
-17190
-61547
49096
13414
-22093
-54679
-75702
66593
-93434
-65623
-49086
-3574
-3577
-90969
-16965
32050
-41744
-13750
-65722
23808
-89406
1329
-22169
-24992
94661
84468
-63915
-88478
-28830
-93698
98779
-67288
29378
77632
-96686
-44562
-95743
-4600
-69529
-25730
-11297
-78129
-20210
-37939
58271
48907
-46639
4211
-46496
-52004
-68720
-51536
-1023
69448
56548
6021
-96415
53177
9199
-71064
48839
69034
87772
4066
87388
-54547
7912
60907
-86758
-93655
-54786
-92448
-8056
69970
-34693
34736
-76505
-19081
-94617
74077
-68861
-99570
56199
-13243
-81791
-46642
-4238
16842
-67292
52113
-47347
-14895
98707
-69228
49957
49242
70906
-79292
26817
-63580
58540
27707
14769
9668
-64
47410
38347
-46730
-50616
24333
-68000
62398
72835
84068
2479
60454
-55653
-19802
54898
-63909
-34388
85852
-44825
79071
21425
40236
-80277
73275
35430
-71402
-2236
-77700
-43008
6873
70990
71565
60955
72428
49989
45529
49677
78924
-28665
-92611
-68952
-46300
-9990
-64390
-12381
28542
-12980
-29937
69127
-48025
32867
-93612
55802
-65614
-87314
17875
-87596
23143
-6566
-75302
-38298
-27616
-98457
81584
-65335
16742
-30362
-12419
9186
3582
70164
-55925
-81347
-45910
-51309
-65024
-60767
-41136
-33379
-52460
43112
65673
96277
-79152
12782
-42309
-29380
18180
11179
48935
-80782
-59450
-24429
-82740
-31099
6378
61003
-24036
-71325
86752
-84222
-7863
61000
-96133
44236
57787
-83572
31433
34969
76595
-96206
21433
23213
-9575
-16654
-89428
-65080
-21199
33308
13471
21971
18992
-37318
8918
-29146
-24948
-97868
-29159
-93790
7267
-33228
33023
21555
-73208
-50605
-77592
24242
-80697
-21116
-92060
-30184
-53141
53032
-39680
-76564
47780
-22513
-17104
-38241
-29739
80272
-97779
-19738
-62608
45929
-4644
34608
-8915
-69776
58192
-45461
25410
54100
-52763
-26967
-88753
-15061
-63949
-19294
-94827
-81274
-4107
73074
-15911
41487
44718
43705
64286
71932
-83414
4580
5221
-2960
76302
15275
71268
-62346
77434
-23245
-38856
34831
-87671
40253
80625
-73696
22147
88221
-20288
-42596
-4620
-94390
-55556
78550
95997
3258
54689
64762
36749
11758
-45801
-60883
30698
2874
22278
-82414
84364
20948
13226
34379
-52061
38904
-98454
12775
-46899
53129
65478
56752
83690
-51569
9695
-12604
-83781
-12915
31321
-75279
22078
98915
32093
-48361
81386
-21668
92082
90861
44695
33339
58485
22048
-59657
-74919
-77848
-20252
15683
-96569
10989
31610
70582
24045
72528
76610
62645
33747
21446
-27005
-46457
36644
49528
-67982
-12199
-57207
-51112
52004
-99313
-9638
-58616
88728
61736
-55526
-35977
28365
16260
-4178
44051
-94897
11721
-33765
98686
67166
-21718
-1149
-59540
21023
75113
65258
-69014
-60452
65139
62404
74205
9957
26830
-86418
28538
-96534
-96056
-31630
-14361
12943
-58380
-7147
-73866
99849
-43053
55592
69391
-27794
-96916
-38385
86552
-58416
-45125
-25057
-51658
-63459
-45695
4155
44908
1971
21279
93890
-86517
16607
38590
-5296
96135
47041
-43951
19642
61841
-11788
64385
51470
75665
-83344
-22742
-50657
-91567
39432
-91695
12774
-14835
95209
-45145
-1042
46491
-80348
-99138
-38885
-65056
-51566
69063
-72621
-44564
17011
68284
-10911
77436
74102
-93768
-36219
-94213
-17815
79347
93807
96882
-46305
-98480
65395
-62287
71802
75621
23522
-38281
-46338
2040
25962
-14396
52719
-93381
95440
14115
19926
88355
7463
-58277
68517
53304
331
-54177
-18996
-58525
-60319
48473
84710
5380
-48620
84024
66720
53627
-2630
81189
-33614
-20603
-1780
58915
-51233
31123
-73677
24195
-87668
-24354
36772
-65012
61098
86226
-76538
-7725
-79675
-70641
74924
97349
-48158
-6665
9185
-40875
63053
-19459
-60292
-68446
80005
47745
78072
93610
-69645
16393
-33171
63361
98315
87590
44919
-14886
64759
-22606
92757
81119
-37023
33957
-33573
64986
-79714
-27043
18236
-57009
4587
-3819
68727
-65495
61527
-93460
73561
761
-12148
55603
-58398
38172
77455
-55324
84114
925
69657
42236
46931
-96838
-35417
42180
40185
-79528
-6181
-1299
-48880
72501
25182
-91037
-507
36371
-46722
14779
73321
-72269
-39668
-26288
-26385
-76163
76468
58149
-94779
51750
-99900
-57523
1227
67459
5806
-11769
-62905
-90821
-600
-93138
46679
-2287
-10430
69431
-43752
52227
42388
16001
-48622
-4670
-87718
-89553
-88807
86575
78638
23709
44226
-67837
-53059
26762
-22385
-50386
-2583
49388
72280
96333
31285
-84067
-61823
-67932
60086
-38252
-71880
-19050
92584
26904
7167
-50816
77064
-24534
3484
13264
-23805
71008
-5563
-75125
-8049
45161
-37095
-52523
17992
-78776
-496
-28173
99733
10100
83152
-85692
23952
82451
-26956
-98761
-49821
-42449
-78251
67219
88279
77016
-59613
43124
26710
-51510
-57332
67496
15794
-17942
30398
-35334
-33666
56603
629
-97460
8621
-16341
-78896
-25290
-94707
43356
89657
-97453
-20211
-48065
-19735
64332
-17858
48808
37550
-69569
-13787
-97182
-58654
38485
-2597
76066
53549
-29476
-53509
26571
72919
-4080
83149
-45858
-40026
1222
-83222
34810
28400
-96893
25787
-9073
-34185
-89356
-49533
48853
97042
50527
72429
76826
61748
4329
-49354
-2516
54599
-42749
-50313
90836
96783
87696
-17332
14132
-14205
6874
17296
-13512
-50713
-75758
-48820
-29475
-24580
38580
66936
-93630
53117
80572
-24591
54717
-9175
72010
-95136
-85472
98514
76053
-34638
-53123
8307
-86160
-57877
-73711
-87785
-56412
-93271
-72240
-78945
-19737
56782
-40769
47097
-88761
-83239
98882
-70356
-95385
-17106
-46850
-5805
16717
-69926
30961
-36985
-4034
-60752
-31452
-62617
-82508
-30455
83077
-9808
90744
17560
55353
92929
-88320
62302
-72875
-72021
16088
11898
-83361
39075
87709
-72824
-64614
-76101
-40824
43672
-59100
84186
31134
31938
35661
-73870
-42405
56555
-43760
61977
77961
-23997
70621
25734
45889
-57528
-84504
67250
-29952
57489
-37389
86585
-23900
-19380
98247
51417
-95441
55471
53284
-5415
66275
-80065
41683
94670
15967
47084
71118
92283
87421
-17575
43841
-90057
289
83680
86623
-16786
79692
13089
-62715
5175
43402
-87592
94081
21879
94631
-11790
29719
94941
39810
71526
-87416
35742
47183
8235
-89076
6538
40886
1411
33820
88026
-74907
37421
25777
-32571
-58266
-5566
67819
-72903
66443
-83640
-15396
54940
3660
16926
-16228
37119
35670
-19249
-35623
-59595
41285
-69262
96803
58273
79699
60595
38487
-54149
-85429
-84925
74583
66752
-54770
-15252
2401
-1833
-33466
89566
55065
30041
24957
-85548
-14446
78744
-46084
-85474
55344
-47908
-63050
-32111
-41291
-90898
9169
-80364
90409
48041
-44910
-2855
23901
4674
13035
11248
24892
31594
-28447
88976
76544
-52444
38659
41470
47869
-71191
-20344
-58823
19041
98208
94094
40366
21350
-66365
78791
52381
58742
2596
-65879
60574
77171
-74528
-85910
24709
33798
69104
65137
56760
-83645
25097
15508
45430
-42950
74251
-13094
64026
-67278
-33117
56430
-23
58834
99912
-87911
-28644
-3802
-86032
66600
27451
18611
89781
70979
-53375
51370
43516
40387
18188
-95101
-95210
55691
54832
-96675
-53083
23823
-76546
-79132
-93054
-89057
-45380
5503
-55341
42982
94355
28260
14988
-60754
11444
-85953
51342
-8476
-88129
66251
-61707
-61194
-89434
34535
-81367
68920
-59093
86329
-22278
-8835
-93952
45719
11831
-46624
37822
56516
-62518
78579
-48290
87138
93385
93782
-11988
47581
42926
-17501
27064
-22502
-7976
-36928
-66787
42802
3453
-40480
8275
47183
-47286
77982
72251
-7588
-24620
-5933
32826
-54352
-4858
48402
36004
39304
50345
-64174
-93847
64616
-92813
87541
91327
6569
26974
55696
33044
-92099
-40492
29783
52195
-89006
-51721
-23560
40151
-49174
4121
83137
-286
58399
71412
-10907
-31231
17238
-71601
-13692
-89668
-91191
-84198
92510
-18963
-958
-58283
38513
-86450
-96797
-6614
68422
73152
11492
-64370
2921
-71414
69395
-4624
-10094
-88070
80131
-47410
-56557
2130
97295
3546
-86187
-55708
-51083
-90338
45632
27478
-42911
60954
32748
-82352
24999
-94055
-32699
-5964
72959
-71583
-8394
-8198
74937
67052
79061
53516
-4767
-88213
-99705
70020
55252
-15160
88854
-75026
62460
41756
-82120
49782
-61314
-98733
96531
84332
-86912
-69
-2958
19170
-43283
31306
63440
28835
29098
22318
-75602
18726
-46469
-71367
-23445
-94039
3798
89690
15597
-83784
-27713
-46199
34642
-23063
-30783
38985
5491
53006
26594
66403
-79733
-82926
-85666
-88219
63171
-29060
65243
-21786
66060
9488
-57322
2355
48479
-8929
33837
63883
-96120
-99424
-8863
4958
78577
-4653
-98769
98622
-81873
84448
-6449
-38991
-22697
-41511
25613
-65805
-9405
-37442
32187
-11409
-69097
-38036
24921
80722
-43302
-3477
-96369
-26613
-18932
64527
-37924
65890
-88802
-43517
20306
64107
87619
88876
24288
-5924
-3117
-10080
68302
70138
83777
46879
28346
38086
-60407
34624
-57259
-990
-49782
40454
-51502
27689
-48130
-90713
-18392
65298
-35977
94621
58129
-76878
-50444
-49746
-67793
44514
33928
-2941
21854
21602
-8332
21599
-58349
-84286
-49601
72925
43116
97849
64361
-46805
-30396
76871
87465
21124
40740
-95298
55395
65315
-86129
68860
98368
67299
-77061
-90243
-76943
-96280
46909
-90064
-27281
-96139
80308
-93755
-23431
46381
-33943
-11798
65622
-16881
80489
65183
-42243
-47481
-69393
73762
75758
-50663
-4429
-79290
-64558
-80380
-21763
-8290
-50126
61364
-640
-32219
27477
-24071
-63232
-59339
85425
83302
45328
12055
23871
-55634
-41871
-61243
50869
32932
28899
38921
67241
88024
-39500
-51623
-62077
-96801
-67400
16593
-4339
15958
-98932
38522
30520
88546
85524
4519
68714
20150
63526
-34262
-86921
24634
48157
-36483
1741
74638
75919
26251
26536
-69853
14163
50298
95613
-67309
-62948
-77965
-54085
82038
1199
81262
-80081
-76082
15698
7521
-69747
-91569
38860
77724
-93921
-58167
79305
52658
78383
-86055
-72662
77075
-54172
-52965
-6050
-73471
-34007
5024
-47088
-84735
31825
-94493
-9473
68740
77545
-74693
90011
-32098
-12400
47326
96730
-30157
83316
92488
-69287
49719
-20914
-98041
33404
-65377
-48311
79938
-94332
35618
-60316
83151
-444
43570
2331
79590
-80633
29604
70841
56728
67592
39159
-62384
-61296
-4013
48760
11534
96674
60509
-32512
41754
38300
-56054
22528
-72056
51601
-46595
-55802
-63273
64875
-33762
-44423
-52361
-34166
-2810
-92015
75002
-87517
-83094
13291
75143
40110
-23828
-44474
-67860
46877
3742
-38870
77277
-10587
-48951
97387
-90104
-31028
-97677
-18165
-25761
-48557
4253
-84689
70265
39754
-4683
25772
94547
17821
-49992
54411
72433
91262
-35778
-66180
62441
-79872
39960
36933
-67139
6485
80439
-97005
94286
9815
90819
-61458
56307
54458
-35341
68957
32478
-98573
-89530
32467
-94616
5171
49691
-78251
-21765
-69654
46527
-75488
-32821
36778
-68726
-91896
54947
-95770
21967
37453
65562
50884
-40006
-91478
-63916
-59456
-89918
-14239
10967
2722
80476
82968
-23153
68781
32980
-29200
-26811
-36390
59201
-60342
-35676
17502
-40637
-47608
-50227
-16256
89622
41628
60317
15939
21328
-26960
60268
-51234
-11773
65046
-77247
-2404
85791
-44213
-97412
-8522
50145
99835
3343
31556
90355
2369
-38979
-95362
29718
-82769
52654
17043
-37979
-73118
-20628
68500
-17297
-15201
-48920
-99131
-83974
-54447
35682
60312
-22806
85555
22432
-93148
10744
-42189
-48515
-11707
-10263
-94683
18832
14909
-42796
47122
34261
66623
65276
69460
-95543
-84933
-40307
-49180
68402
-82985
86962
74137
-4073
42149
58564
-73988
-32895
-79840
76055
27126
53165
-3093
-3599
-21378
46966
68620
-76051
82935
-62921
82319
87337
-13718
-93390
-28840
-1744
-67997
-71944
-15076
-93619
-47897
65031
99173
82126
85596
82973
58503
97799
-85399
-69905
-60748
33288
-46649
-34978
90261
10628
27549
86527
-59042
74041
-68794
58751
-24055
-11151
64324
-82786
-30472
-78937
46064
-11002
96096
14525
13078
50889
-37566
-81149
-4963
-56211
-67625
66374
-71497
-1961
-62698
-52473
-58150
-69846
-59661
40773
-60503
84037
-53497
-5803
26558
-71118
-71375
-79723
-65973
52680
-18234
-46105
50615
45907
-92392
-55667
-41237
-93269
-44990
-61633
-69311
49052
-63012
-91615
58608
52224
52123
11531
-51098
-22640
22885
48870
-95833
19207
-95803
44129
-531
-90207
15989
-80438
-94684
-51656
40849
54627
-40756
-45207
-21041
48112
-8365
-91936
-45529
-83022
78089
-22660
-67445
-96595
21870
19023
-22975
23304
-27771
71255
-38864
77562
-30772
92708
-21136
86632
83814
77993
99310
53959
-67616
68905
-76038
-89183
19481
62111
-18324
-40457
64623
41271
-884
57141
79994
-60270
11615
11184
-69596
-6345
-59327
46398
-73843
-32489
-40837
68497
89892
323
-38274
-87369
98331
-84312
18559
-79735
-60688
-25498
-56491
-64578
16859
98255
58415
30135
-76259
2032
-83104
-69459
-25839
91763
57995
17666
-57941
32289
86715
-50121
-97794
-90523
-94756
6543
22672
-73389
-60229
80379
-2632
-37506
-2743
48131
84217
17659
-51334
82568
-86812
-92916
-38108
-78000
26667
31238
-92801
-16488
-78109
10200
90065
43062
6756
97111
40224
81702
-89346
-14879
33486
16972
-40876
-4400
-21145
98463
-3198
-71905
71928
-37298
-93027
22217
-52212
13899
8558
-84034
27696
-25882
31788
7225
82919
-74807
71079
20036
18877
63533
-54118
25043
88852
42312
-14487
51989
-35666
20547
58892
86518
43212
80587
-37771
-22074
2691
44956
-2826
-41420
50515
73620
28798
-77095
-969
68053
69215
-6986
-63784
-9227
-92273
-97269
48629
-79355
70958
87956
-19914
-12110
38078
-67428
-1343
4653
52807
-38512
-3815
-90353
93917
-17161
2799
36249
-15080
-27827
47356
-87987
-46458
39598
97658
-27923
74460
-79154
70238
-46618
-60622
41890
4909
-20399
96464
-67722
9309
-57605
88875
-15686
15904
-69571
-20585
15509
68188
-62784
16065
21041
-32925
33742
-9262
45021
-17879
-24110
-97574
17633
-23061
-74042
54370
-81990
33829
57808
-43689
56058
58791
714
34908
-22652
47820
50343
-29263
-42296
-88832
94868
36958
-22999
1050
-21699
-70603
95317
21894
77657
55511
86277
76689
10643
75385
17181
-32550
-52960
21178
-54913
-49075
70762
-55860
20889
-17578
81364
4402
38246
74840
43457
-30491
96461
-9431
-46881
9315
37640
-71714
-65431
77431
-37116
97824
19607
85059
-33168
-1862
88452
-13055
-25717
78593
92798
-20017
-77158
97924
-39257
-99311
-63842
-21938
-64325
-27361
56636
-45554
-86349
-27614
-45244
-40334
-82526
9279
-54094
14555
-32849
33909
-45342
-15909
-34516
95294
-6882
37395
88680
-23683
-68350
-28092
-12607
23787
35444
-8018
-41770
-47793
-47759
-73373
56576
93229
-38095
25931
41410
-44370
13706
-13035
86549
-27757
72174
-48095
-79163
54861
-28741
98051
88210
-37695
57703
-10498
-65560
-47300
15321
76046
14096
-47971
-37679
-11541
-6113
68401
95293
44349
-5041
55868
71014
-41670
58331
-51159
21006
23898
54916
48778
86113
-99318
-11481
-29988
-48362
-83103
-31789
33388
-61999
80312
89936
-23728
-53282
-4254
-27226
66167
-16467
23275
-26010
-67394
-52951
61762
-37299
-93985
71971
-43781
20224
-71551
-61988
-46128
-30242
-74259
2184
-97999
-5600
88676
68122
26735
43101
87040
-64649
-54239
60161
6139
79615
66131
-68971
55979
-1419
-74477
53610
86340
56557
5547
14130
-65038
-82742
-84370
-42730
14585
54602
-80059
-34679
-65691
7271
82117
-49096
-63915
-20125
59414
-44872
96750
-31686
-13831
-39813
28272
11511
-60245
-13006
13107
44460
-79633
97709
38581
-35842
56317
96569
-1175
-90719
7490
31579
-75712
-97436
-38557
38543
62027
34998
93366
-89707
-43711
39124
73710
-4380
-77383
43922
-45874
-17378
49225
-43014
72966
-310
-50006
-52511
-867
-40335
-46467
57382
-69810
41831
95745
-38508
-18004
-11569
14169
12035
-60924
-56435
95132
-73215
-55500
-44026
15173
-14371
-45760
41740
-49011
49921
25199
49238
-19891
-96147
-99682
-81549
20943
-77764
22902
8186
21259
6659
-90090
94988
-82204
16580
-83426
21487
4625
53850
10664
-23779
-22194
14421
13758
-85316
-37766
10922
57825
-55976
37604
-90422
10859
-46116
-70465
-51994
-59113
-31290
10936
30357
51684
-51086
-47203
-92159
-26995
-15837
-20939
15884
-3994
-51174
-35784
-81727
-47942
6794
9853
84703
79543
-1396
9497
-74739
-7649
-30909
48261
35012
92461
-72204
15961
15201
81516
48028
58173
89558
99788
82045
-37142
2995
-21204
88200
-17201
88025
74490
-34370
78974
-52503
-98127
-74006
-9571
22117
67485
70569
18594
-16293
31705
-70628
5624
-37682
-74814
32713
-77069
-47980
45774
-14325
50628
-18728
79006
44611
-13691
-45931
13743
80555
77727
-7823
69436
88831
82920
-1812
-92892
-72584
-1854
14656
-90445
-4735
-92211
-13618
-23982
97937
-1574
62301
95937
-79042
-53449
-47883
10465
26559
15337
-70490
-46708
39965
85401
36581
-34494
-9481
-86000
-24437
-84909
-80012
86005
17014
81595
-27706
-99905
-96259
-59175
37780
85987
-95683
-25802
32502
-31908
79156
-46835
-47272
18356
38897
18630
-77998
-25059
-41840
12325
-1314
-51455
-51998
58486
-80751
-54208
-8898
52242
-80594
23526
20465
87174
-4906
94828
43682
-7230
54776
37444
-78118
63290
-13542
-9173
-15170
-27803
-49007
-59612
-57096
55398
98352
27072
34974
-56026
-70536
-37768
73780
7275
-64451
-17020
-50771
-9127
-39157
27361
-75467
67790
-1909
9533
2201
59827
23922
9963
-51240
89370
86808
54846
-26937
-78383
27940
63119
-89859
-16646
-44132
28480
-91257
15840
36285
85805
-96566
35149
37121
17747
-32600
-15060
83953
-40810
2338
40876
28918
18211
99352
-96851
-57112
72734
79964
58618
-27693
75709
-68903
-94679
-91722
-5545
42729
31118
-50800
28547
-10812
93516
94569
-19997
30498
-68873
-33281
89151
43299
39958
52445
59662
-62529
68129
10384
97337
32609
-33817
-23139
-80537
27228
-51294
66343
49567
16043
92772
-4800
56519
-862
93083
80456
20459
95768
84949
34019
-29770
73135
-52738
-22482
-34204
48530
31213
-52374
-77843
-49829
62802
-79909
68843
99371
-22388
15796
-36913
-40116
-76399
-63118
4910
-87430
44460
49073
41499
70239
39335
-57705
60343
-39755
-15380
-48375
19525
50003
-74475
-58040
9751
-30418
-85245
-34427
-19448
5861
5714
-83367
44748
-5956
-73744
-70715
35948
-95702
-75879
272
-48092
55569
6433
-27587
17553
-80907
-30846
-10829
30883
-33231
60621
98874
31845
89387
-32488
56256
36988
-81791
-31037
-79918
73907
27175
98020
-15160
10470
-55690
-39147
-40368
-38112
78502
90501
28051
-370
-96124
77828
1450
29949
-40601
-59423
-15006
-19602
-66190
-19003
90183
40818
-7727
69940
-84313
57538
41586
-50190
16720
-59479
9367
-42147
12594
-59226
43176
-866
-54219
27950
-39942
-78723
-80237
48972
-54678
-14452
-34167
-74623
53492
16429
-35998
37279
57181
6389
97466
93071
-41725
-85253
-5558
-25901
-54193
-74602
-65006
-85061
33370
-41731
-30165
-53092
-63783
44460
-61503
-19732
-78938
-25647
80111
41899
48449
-88490
58346
91385
59277
-40206
-89506
-64887
-38494
74925
45413
-2397
43209
-35638
-92703
16821
-73802
-44313
-47557
30617
35898
73446
-25183
2913
2425
32524
-93436
30245
-73657
17204
-51611
52759
72699
-75423
48291
32726
-76544
38055
-97964
26697
355
-1424
45788
38134
-16224
-30098
57248
11985
26185
80419
-49044
32923
86583
-66800
24061
18381
33427
25319
-29505
-58921
64766
20974
-96131
58003
-99489
-90409
-80381
-73201
50873
5344
-98111
97314
20035
-62999
-46876
-49100
-61213
-39487
25139
87695
-46131
-93642
-47308
65555
-42391
57740
13475
-81121
65463
85402
86745
75198
2479
27307
13804
43885
74499
-93516
46163
-35612
-43401
21754
58193
53704
73574
-59
-6039
-18560
7620
-17741
37076
-59402
97869
-96018
87840
66949
-96356
95713
-37062
47328
37695
79223
57607
-62828
79459
-64924
-85068
62589
-36110
-8773
6598
-59706
34293
96958
-38473
77076
-26608
-51033
-33866
81054
-63147
-84641
13803
91311
-80988
-4521
41112
-80038
-49504
86202
-97537
84088
-15023
-74916
-34880
-66283
63711
80201
45635
53460
83452
-87289
-87500
66591
-78615
75344
63297
43094
12366
-12596
-26949
26454
-14394
-69192
-15300
-37113
95913
-71486
95246
-67817
-97235
-71654
-74407
-60706
53138
-64947
-39762
-60311
-74201
-603
25879
-35524
10119
-82112
-96536
-20591
93920
-87146
-22847
86476
36515
39369
-48342
-64960
-43622
75363
-30131
13510
-98598
5013
13372
-27616
-23781
65879
-83764
95035
-75533
98215
70079
-49630
-30720
-20570
32091
23984
52836
-53382
-50441
-30175
69711
14822
-97268
17973
11272
25465
-21405
45863
97395
10766
28015
-43306
18429
-21566
30597
70702
38928
76737
-11885
18375
-21818
59866
44842
-38638
47026
29445
-63992
-47190
69997
-86250
82463
16778
-28432
-66932
69924
96
-23770
20965
-57185
59264
17138
-52603
-22024
17406
82878
60159
-85433
-41115
71271
-17970
-30304
78471
-19376
-38135
19394
54461
-23165
88438
27532
9703
74436
-43390
84735
-48514
30531
-80816
-3556
92345
67865
-37016
44627
-69017
-92400
-72462
66869
56122
-35359
-11061
-29555
97849
-42312
13481
-17719
-59742
70650
-1474
-76899
-13604
-82576
67871
20216
13560
-76915
81334
26310
34484
58011
95130
-84041
38076
-19767
82884
66850
93104
-71017
-20659
-65994
91322
-19046
7973
-9036
-83812
49766
31782
60522
-55598
81811
23680
28095
18238
-11097
12458
64223
46075
83503
-34832
-86874
157
76380
31142
24162
77966
97786
64943
-88008
96417
-51816
-73165
45582
30075
3552
79940
-24942
-33557
43622
-86250
-93545
42711
-52636
35605
30483
93549
-63583
5898
64446
66849
49324
-72917
-28545
-54656
68260
-70520
-69778
-93517
-73071
-62071
91707
-4726
-3699
45810
23159
25799
-84427
-99766
49899
-79612
-40237
59183
3960
-76417
-68515
-92661
-44115
-62367
83850
93948
77751
-15307
56591
-77144
79547
-46195
6706
97985
-53203
26484
-85568
-37801
10781
72151
66248
-22551
18076
-64660
-33300
-8493
-15242
-68617
6854
-58748
81789
30411
-21217
12991
-89261
58480
-8878
81470
-35860
-15280
77957
91934
-34652
-79036
19590
95133
59690
50009
-50730
-14248
30416
-74668
37208
17653
-16277
9577
-34365
-26031
-76923
865
93785
-33000
-79
51195
73565
99576
-82692
-82424
81607
42354
-60125
3284
69798
-38053
-20002
93060
62045
85832
-61698
15449
-60382
45040
72928
51218
-52511
-37833
16998
-89361
34497
-46215
18562
-14179
16767
80772
-62531
-7346
92102
-75044
-9733
95947
51269
-4312
-66647
68684
28352
-59841
56969
-91284
65083
-11708
-38157
77216
-92186
8998
34069
-37935
77725
-81670
70800
-94084
54602
18768
81155
-73297
64243
-29699
20993
39678
90518
32369
-48604
-85465
-11111
96542
-41898
20957
-74120
-30788
-74501
73516
77488
30147
691
-33665
-78441
-8274
87515
43803
-77509
-79069
-84733
8392
-2731
95561
15470
28391
58328
-42013
73250
-39460
-91206
84309
-10325
-68859
-71153
-37616
57342
29639
21351
-23390
-44902
64688
13891
53564
-30094
-59484
88572
87399
-92397
91880
39968
75433
93694
-10441
-54963
54084
-6598
-59266
-47660
94787
-76711
75024
-14876
-9676
-49265
-9691
32871
25107
42684
-15063
-53271
65135
34702
52508
-32389
-51531
-81032
35426
-13905
-70173
-8763
36564
28660
-82376
-4750
