67550
34025
78943
29783
66514
71545
37993
46755
29305
53161
25710
18109
76436
22208
75852
78666
40222
34972
68601
24070
31515
82428
65392
73681
44331
73175
11318
43780
54896
84609
28918
36040
13593
75507
45961
25877
14435
52596
98343
80882
98459
44395
79491
48634
61988
40627
64644
61229
50531
26326
56734
94049
35346
87173
39079
84127
55095
67499
37380
32037
61668
12685
33492
89913
31803
74120
93106
26371
87843
36056
78200
44701
90559
11134
51864
35508
44322
71625
48610
31176
71193
57354
99229
89274
92044
30380
99510
43706
34017
25411
71819
78375
96670
37851
78020
60617
29447
46007
80253
98281
82660
71527
45816
86781
95358
87935
20470
21806
44448
62068
75202
56998
29622
90669
84376
31422
60574
43379
22834
38400
76242
57722
99396
48950
83405
41201
12774
90608
61321
76032
95262
72016
51221
59056
37236
11365
63003
83497
86634
16033
81085
36607
97571
42777
27334
74542
78319
18384
49248
99129
39211
94242
45139
28576
19421
38286
85367
62980
82684
22908
45190
75442
57583
93144
91698
14796
24917
34854
54531
55061
55736
45079
83392
19783
20158
14907
16212
94900
58190
26065
68667
61887
57976
54095
49473
77458
68394
25674
86072
61864
70603
95105
32940
20229
52872
24621
59847
15652
53994
30285
60167
87992
70540
25254
81060
15488
76364
39071
17356
17137
62084
62596
97538
34426
55223
43090
77855
35854
11631
88021
19940
56179
23230
72275
26199
77224
87442
26289
80549
70360
15636
44074
95853
66590
67377
88823
13617
43339
72129
23754
73566
94460
52666
56086
14802
28166
43456
20959
18454
79347
20141
39543
98127
62928
90050
78195
75543
98045
79849
24687
12332
55764
82407
77358
57272
40239
33329
81366
89683
98865
31118
54948
22824
92344
23495
98137
20168
54210
64488
74722
81244
98936
89464
64079
99106
20016
53018
88465
95817
39084
80435
52148
29555
33357
89233
96412
72358
65723
65763
76853
41825
70502
69702
81682
57955
24950
62151
86784
78713
35327
87359
38981
88376
41552
42148
36665
40415
59015
46177
97464
77742
86768
83582
16394
50543
14080
64884
75204
38662
94272
59207
75966
69949
18106
89407
13101
54035
66847
16735
23503
57042
74677
65778
27153
91138
94200
63455
52235
67792
62577
82097
39808
53330
54219
26508
95631
59526
59178
16127
69211
25810
55409
16517
79858
46773
11888
53906
21753
70525
69612
70552
86783
88711
89470
66910
55661
41657
56527
43496
71316
68157
57984
82369
46804
60335
82872
73370
65856
32318
63905
95926
33816
73080
44121
42965
58911
60256
92085
62499
82698
24374
94542
40720
40427
71633
44740
27236
92434
28993
50546
48218
93787
39233
47969
33781
98392
46103
55501
68493
50066
42304
66129
65626
48628
31468
46264
93952
56370
49825
20453
78398
65930
84087
89185
53152
67075
69565
64352
72807
48164
80226
67151
94856
60040
14534
48706
52234
82288
28816
48019
93758
14331
74626
56872
83848
19332
92293
54906
86606
80387
56716
85348
73755
86508
12808
94997
13866
41252
32021
51574
73782
24594
74720
25538
16185
66398
15521
55001
30402
29654
63244
50042
13147
51306
28132
22574
43012
99521
61299
38819
82461
15831
69243
18382
87810
94162
28258
86647
87073
78982
37085
76572
51538
93463
98382
47782
19166
57409
48827
27059
11411
42716
57379
64330
91970
13781
18585
62750
40737
58835
38338
22554
60668
84599
82854
62451
98500
68350
31606
56228
39158
57911
81676
72420
79762
69598
15341
63668
33872
36490
23479
14723
86175
57086
47215
92359
65590
91544
29764
13919
77490
79902
86585
29785
68125
44505
57224
45254
86239
38952
69261
53848
45996
81395
18683
25788
78112
65417
26720
75553
27142
57399
26313
54634
83820
67985
28872
82839
71246
52461
11972
58549
35390
31251
82182
60134
54831
60365
77960
11799
46164
47303
26722
75210
49039
82735
16277
36080
75498
12894
22942
15961
36413
15488
45437
86531
72755
21574
38289
99411
28211
19827
35489
90981
84904
47039
20892
50307
69028
98725
85383
67909
45550
95613
35768
94195
85919
85133
41828
85782
18014
12257
58904
41285
74137
17121
47005
47401
16195
41139
46777
96276
67331
49686
97845
41892
99851
75924
86166
95715
47984
38839
98979
67462
59476
98849
49262
34671
77502
73896
65398
14093
69883
91943
92614
16825
66881
28131
33637
59949
68880
11556
30289
38940
79124
32063
60024
34849
23728
41134
18643
66356
81026
24333
73158
48287
70089
23479
30916
33244
54556
96138
28746
74703
82045
49752
46196
19312
77516
25510
27653
95623
73777
64641
59195
19197
30724
79575
69119
47069
32492
72712
62234
79404
29322
32595
12904
56858
98218
88907
19361
60687
92206
65354
15130
67952
71540
82025
13209
56537
20462
74642
14371
66758
75657
61239
52190
40623
46350
53307
79244
94832
12871
30012
94690
74129
69353
24579
22188
40847
49333
92465
80960
22668
47932
87536
66451
48766
95218
45302
45539
91031
48969
94588
76471
36353
63554
14720
26224
94380
97847
97548
45191
32085
87269
30809
32662
41754
74848
50167
54347
85379
80928
75954
66246
84756
33880
90358
38784
75517
43564
96852
66771
95732
90216
31279
27698
80123
55676
60610
80796
79413
78837
36884
85399
57890
16811
53116
76355
27231
79173
18110
36471
41956
80683
62802
55989
90480
19580
45060
98493
97828
39295
67081
49914
14174
90141
52651
67463
42455
16440
29003
43094
86635
13309
37427
66801
54531
91437
45252
52832
62847
13794
32132
15395
49312
55428
53712
58869
35464
90202
40885
44312
37843
43902
94023
89552
34584
62673
64852
47718
55302
63145
68625
89030
94762
73997
15755
71925
14851
79003
60981
28110
71319
55818
49112
46063
19467
70868
41618
54692
43522
85573
92718
93711
43506
16961
52662
62604
72616
75972
81059
73029
12781
79125
76133
40745
16588
76852
50401
34889
89403
27981
27892
55931
81081
77711
49842
59648
37331
30753
32643
27184
45084
57414
77609
39264
98786
12164
26431
90495
80977
59553
52781
74493
24880
78677
89767
84995
80248
31419
56453
49871
36580
14792
40610
20540
22418
25961
52877
13629
92181
96301
55663
57507
67560
46822
60760
92955
99453
52270
40348
73661
58301
53398
94381
78079
36403
19648
34771
60274
50685
92926
58324
63179
44539
51037
35411
99842
92888
94018
50534
19640
19201
96129
61704
47860
81873
30212
25675
73421
46496
48683
59242
30109
82541
54204
46850
20974
67933
46111
60607
48927
40126
56010
60095
34119
34628
80241
35618
58518
97393
99028
51196
87427
67294
81563
33519
63864
16210
70273
30602
24298
79456
22055
96988
74750
61134
95312
96087
50271
34464
78789
43541
86739
67902
17217
25903
95186
91622
58666
55238
96532
66344
18934
68761
15535
30408
60834
68751
36016
43030
23903
67105
30596
61631
40117
90736
26092
65744
22410
16470
30706
23638
38848
77369
55297
55663
30324
76658
36562
78114
75274
86280
87373
31175
64788
44447
98791
83254
50851
53249
43216
24781
86607
60355
43978
76823
43803
81000
88827
23795
60418
88286
25090
51945
93339
86365
55012
46483
91136
20626
40073
80037
24996
67329
48652
50255
97578
29964
61153
38969
40502
41333
47877
11116
91687
33930
27131
34128
22369
70852
31237
62580
84413
63824
24598
56167
90618
88037
13857
24622
56357
65180
34000
71494
46310
50800
29762
84610
73061
50610
84656
37888
87322
52279
28466
14673
60098
62896
82859
77779
51240
15968
96317
55419
93833
84594
27937
11212
98317
42581
61651
12293
23532
12902
43931
32347
98918
41400
77159
45703
14726
51022
45536
37531
28235
46056
88422
67109
60898
76811
36159
94761
76030
61201
52844
45358
70550
43896
37932
55194
48857
29660
62362
11572
73219
99236
28832
66099
22803
27352
72738
85542
55796
42189
48993
33995
38388
59205
69982
14999
47184
54013
12936
66468
31138
17856
60633
22568
69753
95005
66084
93016
82380
30610
66908
94701
51883
20864
53201
48648
49023
22282
39042
76830
27037
56479
21086
32660
29080
50319
43497
40952
11617
62167
49618
91922
41685
23483
96867
30858
34827
39086
29507
15412
41681
32334
62377
88224
82704
63009
59199
35377
78890
33422
35644
97010
47987
77995
70730
78884
83035
14636
55577
91576
79742
21674
15891
42405
29148
43028
21502
89901
95786
11270
80428
17772
78185
25466
85845
51485
28771
67836
70409
86682
65889
38653
78091
12263
40277
51423
90661
56630
25089
47784
27227
24912
96867
88735
30699
46052
62422
80780
41859
20928
90139
34421
64257
20129
52317
65178
15948
73965
98888
28801
68308
57582
72699
54245
52754
69241
63772
63459
52840
44243
28451
87354
34366
24333
77616
20603
33943
81357
92526
77213
68798
33235
67865
50443
41763
47533
36487
13842
78457
77492
16446
37549
52597
91696
85881
75311
32843
33011
47161
62989
99421
51853
89579
94749
98251
24459
45442
29044
86255
77464
68424
68098
42373
53650
39558
80111
74134
44568
50005
58700
51887
22103
13090
99516
29739
81822
47295
75855
43613
59433
43699
42513
73936
48497
76008
88031
48302
50537
75797
60202
86785
93962
67683
16152
56706
48997
29736
44764
63241
89839
48495
14559
90343
35028
63323
21931
59878
22871
69023
56381
41866
77171
15768
32941
47952
64370
44434
99717
94444
15047
95159
62615
12581
14987
86623
31008
33065
84346
78817
63756
17332
86563
51861
13330
53898
17587
39491
97016
28533
93845
80061
55032
53591
24282
66167
92546
90548
16835
74237
77857
91974
48305
31450
14638
85974
19096
91894
44369
99556
20116
24308
49537
57948
13689
37653
64905
69782
85045
38592
30959
26881
12975
95985
48410
78145
57638
59666
48623
65969
56094
86584
85277
79414
60410
51521
45593
26442
84434
35314
80509
12615
47154
74740
48327
64552
70791
26117
36359
60545
48227
86464
89793
96054
13011
71008
73639
83036
54704
59338
23426
45060
75845
23976
22985
83826
67386
55931
52479
22668
42400
92799
77916
87099
25104
66946
51796
34793
25038
20521
41646
22901
93241
23963
84899
63248
83046
81014
56772
74864
72730
31346
78421
66629
40833
48758
87908
70485
44723
87361
86274
98402
43492
80131
27632
85916
68213
96146
34870
31628
38560
77895
31850
44195
88409
44425
15030
42186
92979
13010
37826
78212
70772
43414
96936
50018
78456
94317
48216
67148
57515
48560
33824
90750
67316
75181
75988
56681
61527
95797
78252
63602
46166
13992
29522
73104
65581
91152
76544
22024
49080
11794
92822
52013
74200
82182
35873
89289
74970
21244
25535
82219
65009
89258
82061
28812
90149
74536
97710
98239
15479
23827
80666
71585
73189
74564
55726
45932
42641
65258
89556
93019
51119
21196
65324
59617
83924
27067
81041
56283
78069
94269
73224
84717
42171
30934
87317
76331
51000
26985
75168
99466
81438
99483
36860
83574
97212
11728
33881
30140
99263
97299
91262
15831
37762
74000
11515
95334
46354
64454
84515
87865
41546
26414
24517
34234
23678
17390
75797
64298
96879
78179
82089
85900
42771
74304
69804
80008
15703
37539
28371
60769
61264
23514
54078
92911
73303
53556
14921
84480
25533
27095
41664
47350
34953
66904
14522
86755
62749
31767
69101
90551
22167
43771
78511
31158
28240
90919
54181
35675
33334
34077
63366
64292
43369
46693
59560
72754
84830
83149
65019
72438
12217
46928
27301
13900
20405
19711
83138
95250
82275
51212
55651
67371
78291
96857
52499
59339
31789
88003
54358
57595
49635
62932
19159
46987
45730
54822
52126
30572
78590
78616
97416
84161
41521
82943
29874
94476
43641
31962
91431
51102
13348
56305
22968
12767
32359
30965
65061
79916
73080
41286
16093
64781
45955
49175
53479
14140
70349
29201
68234
37699
51980
55584
45300
53783
91545
98550
51952
92953
94541
40304
74972
85219
68670
15615
24814
40549
64735
12536
49031
99239
56314
77911
59593
81246
36701
18789
32968
45779
24975
31653
29707
66507
99819
83824
31690
91483
75547
52840
22954
66311
89830
51815
72017
43564
61532
63031
61143
62588
68777
55141
56408
18367
69929
92197
65197
69578
11204
51523
25245
28537
65618
77766
88311
27381
84953
86329
61283
92533
12964
25120
73338
83530
18791
21045
56397
20936
53686
21513
20212
21031
19801
55182
28581
33597
42424
41686
38144
12818
96128
56339
42317
20019
29189
23060
59064
91992
26080
20337
35027
38751
97137
53023
50075
35252
95425
70384
20420
38115
92392
45180
29228
37551
55117
87085
74540
52898
78742
91564
88791
54503
48197
66210
27836
33470
87724
96021
60773
74000
72793
16545
48385
52555
88395
45564
45500
34841
77206
29366
97557
22817
18140
86482
97732
48815
36802
37579
99395
37423
56263
43628
39258
47791
73720
69367
31178
85897
33329
15555
40272
79960
72375
42114
44365
70982
84827
21347
46230
12169
21828
94863
69183
82266
82070
47536
31490
65066
26992
44267
35206
36831
18183
50291
37783
19349
41288
37321
41321
99597
54966
76463
19215
66921
97321
56551
54282
86420
18709
76529
13535
42380
45929
95285
47784
93931
30241
66207
43416
24025
81883
63500
81224
71524
35690
45673
56977
48999
65656
92808
82489
77243
17611
33970
72626
87916
74706
54193
38979
84289
98028
41439
96179
63770
78121
70834
60030
91709
16424
19247
17571
29610
56214
77088
21674
57656
77419
58705
19976
27470
29658
56792
93000
13354
11778
64607
68932
31672
16504
39663
77612
26023
55518
48559
24059
40140
94915
99798
55810
21998
21978
37505
62823
99624
33954
88648
92967
83091
18631
46239
13231
30337
24622
80246
68084
79150
76203
47262
21126
98171
88877
90997
94399
14316
12036
94519
15335
92137
21167
15729
55104
79615
35666
22347
74684
77766
21586
52522
73766
65005
13936
17592
69085
56720
68643
34932
35015
84030
56292
73454
55439
13918
35402
71422
37798
59740
82495
74123
27634
36174
76681
39738
91158
77647
61329
43195
14163
76885
76961
57210
12136
50597
58424
22871
82246
77537
46896
77840
26579
88985
60482
77419
39821
53302
89201
81155
50739
54826
71612
42929
91115
39595
17055
94174
57053
65442
95993
19970
20068
12247
93913
89263
96843
36526
43197
78846
36549
87865
49149
94118
95979
37224
61695
88917
41845
48736
59500
20177
43908
43448
50498
42551
73680
95201
47766
98292
58124
60216
22538
16297
34525
87202
28308
46861
97045
72632
19225
40970
49399
81902
83561
92883
48267
86272
61512
51659
48214
90978
74785
42783
78771
50117
72405
95901
87372
39510
29228
20265
86479
61656
68086
75697
29879
37481
16230
40927
21064
75317
49850
71736
27487
34858
56854
63503
25351
28862
77373
37754
16433
20888
35705
85140
98690
84082
81727
54272
60046
40713
11272
67974
25567
53826
39224
53428
81062
67292
18818
80474
27880
31348
39710
18938
68011
24547
46164
53717
57214
76985
72212
83777
16219
87305
50080
77015
46520
65715
19431
69509
12663
77693
70361
62004
77341
16701
20770
39084
84349
13923
50977
81304
30621
48841
41945
65115
41597
63927
47478
56599
49509
42836
84452
12240
49378
29537
34832
27077
49501
71422
25142
86359
92610
94263
18832
50607
11439
92917
13790
38759
48391
12932
73634
13427
18135
76787
70398
33646
76987
27937
26243
43352
29248
23384
61786
82017
63422
21534
50128
96638
82489
74018
77516
57429
47086
36029
82241
77877
62153
57658
78533
88129
69764
86230
18950
36969
32158
60263
72454
66155
38421
81263
28962
40550
50230
84261
46009
92155
19925
44404
87401
58219
75849
84969
45128
44762
16422
59790
25758
52676
53167
12082
56289
72960
37021
43392
13832
43181
31958
20739
73753
68729
30090
19893
20603
79339
92430
16805
26419
80739
96534
32429
17563
70429
74017
60398
28895
74084
23677
18459
64146
76370
21950
57181
97935
71544
34443
56328
14148
73859
40961
94487
37713
71164
92801
30007
17333
92667
42087
32197
39620
11918
87087
14706
99118
42140
61511
33239
89173
64944
67105
90119
89470
23040
84710
69759
73209
20516
24739
45615
97121
33761
39602
62827
71009
18081
43879
71220
50142
27359
12587
24468
48506
98546
16678
27723
88209
29651
70995
88488
38429
64894
93872
36151
57910
45186
16225
30095
74842
16794
83223
19839
90474
93001
65754
37219
74101
39193
85947
54769
40407
30444
52083
74640
50651
62382
28723
63975
65890
67882
77228
91507
99210
55331
57295
32186
56586
41620
67711
97830
16075
72671
52878
95591
16386
33712
50111
80859
27404
26874
17316
54049
48061
71048
60140
66534
35911
64834
34695
63533
73021
26684
78594
46646
36584
20681
40462
14090
70815
58234
26388
54419
86282
89151
70891
23814
85204
56539
12180
53492
34903
24654
60835
70200
70225
67775
37228
93298
85663
23880
92885
69052
44391
21144
24171
14466
35792
25728
86837
88792
49539
25512
86142
52222
33294
31252
41084
38315
80408
54710
75565
75738
75376
31609
84856
12810
50310
19866
44515
47036
84370
92218
17903
47777
93451
82866
19484
19045
36626
93150
25450
17055
66778
72860
60669
45107
17884
67431
13184
27472
38495
53838
88190
52727
62393
30731
25333
13910
97718
20091
69386
22593
84998
51281
51917
38101
24999
83491
12454
79056
45470
12678
21238
32277
93404
19071
14230
17465
67214
35820
65863
89538
11431
88820
68285
11730
52048
59231
35696
83029
54670
17332
75161
63509
34285
92441
98750
99841
35653
64727
39432
21690
26835
65044
92121
72708
49950
63319
70419
49382
29878
87623
52688
32226
18293
42131
53835
63684
29436
13271
71683
44750
17799
85787
52386
91751
43803
67589
93184
52577
44788
92164
90219
91731
56846
88998
42135
43345
90782
30388
19096
76605
53894
95479
56051
45224
41225
25343
37672
19380
13311
51696
52717
75957
99872
15563
81157
98470
69603
55471
60929
72766
87045
33657
15513
71870
64569
11353
61237
87678
30825
47042
27555
28278
93726
57346
54617
92269
63712
47161
38535
41197
60258
12308
43324
53328
53300
55999
32271
21568
26639
77809
49446
21032
88566
39073
78779
78885
84860
97028
61258
34755
38118
74110
61979
50999
54100
61005
49497
16173
26158
56941
89931
64305
20785
52514
39509
78864
42723
23095
64085
57519
29017
41851
77260
63704
45289
58271
89296
23596
22686
51132
34104
40290
88193
13405
69447
56051
90423
64876
37176
47230
57566
74118
98185
37803
84654
86204
71156
98403
59690
87531
78246
97766
86115
15977
64100
92640
54357
34472
70264
21442
67965
35612
78435
96431
49622
70800
78048
24588
12038
38420
61130
54664
49400
61030
49771
69316
21435
99100
81425
49451
36407
65208
49652
73070
28499
29046
13248
46211
55721
89770
78417
82095
75745
24401
20270
55191
63914
82097
61432
51818
12497
95683
57768
25259
81770
66698
28553
67744
90127
18649
20976
89901
93896
88644
51753
78462
11977
22055
74154
74467
46156
30278
15711
98999
86697
12488
38984
19941
32354
56317
61335
32920
62593
11553
55514
28711
99569
39924
90977
86562
55968
33192
40631
64384
22026
78150
38922
73479
65813
69475
85593
82786
75971
37747
37272
82398
48519
70770
15254
66940
16326
20285
80430
63874
76887
32866
65859
29466
30945
92643
71459
58669
50348
31407
97941
33512
88211
56946
51848
58633
67736
11286
48071
71078
11627
36473
33316
89609
76788
55972
19035
17485
20934
55392
46938
27546
63857
37575
81794
20285
26902
29942
39605
72225
95661
89549
83968
59232
46032
33849
57756
37349
13859
67220
24573
54517
24933
14301
41378
98200
38814
94960
72006
16410
76806
42447
82157
68947
83295
39735
20320
21406
41173
81877
54266
95139
86685
95564
73647
54177
83895
65755
25309
22724
82715
27222
77966
14214
72039
45603
81226
67660
14491
18888
97304
71267
24730
52228
98487
16008
40314
75796
26418
38451
71108
30986
30727
93548
65787
94677
19866
42513
59080
48069
50524
16117
66840
58908
13624
62077
68331
98715
96635
57277
15922
51383
69529
16959
28604
79943
25719
27667
78136
20145
31211
37984
74720
29389
94000
95591
62432
23642
12616
95010
64890
82600
76263
11301
86644
58351
38675
12903
14937
68422
21937
38416
64739
87541
85445
26679
60113
13940
79323
24154
55300
83352
73001
83865
80255
14760
72266
18249
55929
37032
73548
59663
69950
98146
51104
57745
90337
50073
52572
25735
48902
62974
15866
97807
79474
23397
18988
84978
17033
55867
75800
98980
13086
76055
95678
35817
16926
24349
52486
93744
65877
30199
49154
80117
47542
57946
17015
36246
99159
97835
70736
62397
72472
57854
58996
21621
63667
27598
32606
49397
49523
69556
19819
94863
47185
86299
47787
12543
17089
65502
46974
31114
13938
26811
22701
42093
41299
59341
41499
50914
46442
18282
73290
72012
58395
17270
29304
78997
31718
75712
55519
79905
35960
23007
99035
12446
23438
72212
91231
26684
59405
65275
22384
34892
54974
45399
99538
39051
60433
44560
69595
22437
20830
54978
75483
63407
83859
85592
35795
37186
30872
96282
27654
33704
72890
92825
51994
18628
37020
17533
76136
27106
88670
73107
38961
36521
84655
84839
68421
64172
90470
35476
25066
37894
16866
87732
76741
73052
96221
60975
17199
12562
67044
24686
16232
67699
38121
71803
29977
76477
96298
38509
89103
28883
59697
85058
72704
84632
14300
63797
49186
68402
89617
39865
58224
85813
65862
41921
22106
42417
91671
29441
66529
46454
15201
95559
78293
96076
37719
55658
29012
27967
75718
38491
50756
66456
96041
59150
78052
40287
95906
81542
44306
16272
30934
26181
80347
18106
81796
51889
69214
21053
48170
24534
49281
45322
50554
53906
85901
63058
38735
54998
14288
75150
27605
33382
82701
91059
50413
73772
29041
50268
71238
78486
71758
88560
51236
93158
34623
43119
50646
67835
94705
30069
95735
80800
93075
61632
35562
92659
67740
89019
97453
60516
82071
32722
39762
70556
64201
51204
14024
93104
84788
28196
79079
55971
75310
16798
18264
63606
19824
30091
96115
44383
68329
26957
93053
72475
65880
51045
63173
32655
79212
56276
93592
19879
70541
38319
20618
51413
68820
28987
52113
13619
18223
57024
12795
98056
94014
45884
73532
42278
22856
44676
68585
82322
54400
50251
66298
40005
20987
62763
30628
50053
19353
97103
59576
24692
62321
97914
28818
45337
48249
83445
30316
20714
86741
87953
45338
64328
51094
87047
71991
95067
68482
62042
92285
75200
37450
22791
94334
96215
77338
77759
77225
91867
95392
70268
25744
99130
13585
66698
19476
26464
99465
34996
17539
38390
53494
24690
90330
41991
68236
67249
55612
27294
87205
75533
73397
73757
67834
98023
89345
42323
38945
44965
33134
50124
26209
91484
71753
81580
75840
73046
71091
67091
48355
52171
34112
94227
44150
13487
95560
55208
94320
20730
48730
88917
44034
29907
55657
46051
59833
91611
40266
72139
19914
66304
66560
33823
44925
43681
95115
40381
85737
29761
16319
82379
63015
76531
71992
23306
68342
24238
20521
62739
14945
66826
24425
44432
39134
44841
35364
31885
37375
27458
45222
22898
56669
17446
87024
93594
22706
75428
33846
84159
98255
20709
94706
16590
87293
29216
32642
22338
40530
68990
63777
86370
48684
57958
12913
91632
79487
66479
56224
79335
71318
51667
38074
47533
68554
93615
44696
12533
56371
65393
77619
87801
85129
49386
79352
11511
71437
36271
20314
56724
49714
11622
42946
20838
45821
47392
78287
90837
13711
66605
59182
79948
32080
74629
47170
80577
61863
12552
12681
39075
84517
72320
17965
41841
93796
39671
16497
97258
14145
13948
25308
76331
16602
31957
85121
43179
56996
44670
40723
53233
78445
40486
82692
33192
80724
54204
90170
45856
59433
41759
48245
28069
36415
89367
72295
87191
67255
92730
40265
36165
40382
32929
91266
69297
35604
35952
91717
33961
43545
92265
71762
80882
99235
18354
38318
11389
16838
14907
89906
95295
25547
38870
94879
81129
76779
39546
26068
58200
37481
59060
72273
34117
87518
84918
72253
60058
64522
35390
83401
62280
66509
81518
85278
95374
71717
92646
95350
40909
50770
80775
36376
82236
34147
50708
52475
66471
77940
79942
54516
97565
97455
43578
22414
35002
37369
41127
95525
16083
36134
40224
84440
81447
22373
81422
30060
53658
95150
71075
52826
82183
99746
66801
18521
34078
17602
48383
36018
63200
62190
65563
86758
26622
54171
15712
15993
14038
49404
53569
21276
82917
41810
49758
40907
93829
58501
91192
78877
50188
42462
65894
31201
52273
91391
56847
44491
81316
29941
17100
95595
16800
84597
14059
22381
48101
84730
51990
41082
78119
32080
49885
51606
72088
57454
36800
39549
77653
32160
51973
21866
38358
22255
62100
67109
43029
22188
92277
54479
83670
96650
93166
39589
53499
44312
94834
66383
63960
55169
48596
60628
57507
69215
48563
56735
45664
23733
17157
56894
54220
33524
17040
80787
64666
25609
45049
24391
33449
25907
14430
70272
37285
99041
95590
72096
39292
45093
84512
31764
35984
88447
12280
15721
61617
31154
97509
33332
81962
36620
20473
14618
74828
87512
54045
20085
91553
80348
40659
76652
93633
14510
58611
46460
58718
96882
76203
64655
42014
26468
19268
36302
88676
79470
42541
96009
30515
54920
73734
34695
63820
62800
69224
60845
59519
59235
85843
37719
28381
40234
87148
13577
48793
42121
49166
90753
53229
50593
94840
94894
54445
53337
89012
73742
28831
67901
36390
59522
63684
13056
12011
36042
33131
94730
98397
89803
83647
15538
17931
44912
29058
49700
26806
50122
95672
89343
71363
71095
41797
16282
60533
27523
58591
72987
15474
28281
79055
28749
54196
31044
40867
29161
50816
29486
15219
16166
77888
74842
24370
69821
22191
42868
97029
36532
59101
83695
32224
80922
19270
96227
43293
30192
76017
66295
31412
31751
77809
73683
35290
90051
33618
83914
15486
24843
48519
66835
88742
12965
86514
89420
81091
99167
24815
15201
74162
49950
15356
28234
43788
15199
20870
17990
93190
61627
76487
17950
16318
70664
69731
83667
15742
40044
81809
15085
19574
77867
73383
99963
98612
31722
57714
63231
91987
46880
47760
95293
82029
73101
23635
86742
74388
18243
27557
26384
70707
57674
65105
49556
23380
46062
21747
48412
86579
91241
91135
92163
95431
96431
34485
68030
61178
83555
65544
35565
25343
66577
24788
95636
64505
97632
22069
41738
57560
99889
86257
41289
98794
81938
68863
54217
19378
88930
78020
26917
24612
26470
77553
29710
84766
97100
70921
60874
22954
82549
11662
18529
87918
74722
36858
52951
69464
69386
32380
89765
58306
22917
82946
91776
93918
46479
24151
96935
51997
81720
20045
14053
62757
35913
96394
20000
53097
39215
44097
74075
76418
55565
59484
32014
40568
82709
91785
68676
12717
94840
69738
48605
12529
49882
28166
70496
19060
52106
24354
28174
47788
29876
90408
44498
50529
69228
27399
40541
27072
96227
50536
51863
13433
85044
80403
38807
49315
37698
45219
51453
86807
60245
97781
96672
76812
44646
49086
19641
23471
44014
47542
37553
20480
20696
67364
17485
26170
72243
17855
37175
44369
87814
79783
89638
49941
30790
64475
24385
59826
33048
26146
46063
20554
50355
13219
39112
72704
54717
25008
86147
18718
77084
55213
84221
59722
99111
35683
76230
57297
68117
64263
47887
15640
21542
73998
51362
71677
83781
14371
40239
11208
22431
29577
73332
14974
60711
83251
34509
68030
65624
92902
82907
27769
24789
33666
54689
24624
87709
99075
38754
88651
30267
97441
40197
57618
23710
69449
78836
46324
31698
17447
63710
70489
50013
39136
83704
97159
56541
15911
77667
42449
56140
62151
36575
74195
63987
83026
77170
11544
47453
70637
43835
11870
11116
84956
69909
92000
67228
34122
90480
25090
12260
83633
18469
11403
78990
16964
17124
15331
27145
71447
97948
32661
93066
94199
72309
56839
75722
40856
24287
77714
23267
14681
53720
49121
97837
11246
99677
46831
68693
26048
45743
55049
54264
71442
51776
17369
13058
61644
33954
85077
18934
62042
43280
92604
18083
91180
41383
22808
50312
71167
71801
16648
65578
52532
94432
80432
79738
33523
74273
58846
80594
15381
90456
34796
96939
47492
65570
48810
51213
67460
98402
17236
63480
46258
57305
50096
83101
42468
60342
45813
54727
15984
80812
83700
17352
11474
25254
57181
99490
22349
48241
47077
53815
74769
27752
51566
93679
52348
74436
67221
88131
13356
48525
38625
52593
98966
80927
57573
19067
68185
58503
92406
41322
24822
33178
25436
76459
85697
52234
92489
63922
63415
35152
17814
38378
58105
28315
80484
92707
11876
13940
92408
83973
94278
48677
64671
40239
49295
98143
27522
16434
44720
60101
61197
76062
30670
61637
28140
83775
80155
49961
62350
81066
82474
50225
31464
57778
69424
47773
26212
63160
81555
41917
51456
17784
90437
38933
43984
23831
30627
53499
45637
40499
12391
95810
38614
98598
92133
30465
29367
39105
77844
34173
36322
25867
32309
96678
63490
64818
93450
99911
79187
44165
37201
38424
84947
61803
91652
86722
68885
52077
65344
18687
31783
74236
67324
55926
71765
75792
73728
64177
32424
23092
60266
60911
87997
15728
56330
56118
51729
27428
16495
60047
49884
42655
67303
60322
34238
94817
64459
36071
80541
68432
51848
88233
65065
73289
26878
28545
60009
84743
32588
40511
84261
72448
60145
80276
87978
92086
42085
35482
59130
28377
99660
58896
55999
46398
74819
79020
82529
29589
57508
73074
69615
43796
72836
71641
50894
17463
33889
24838
23026
26710
43994
52703
95994
79351
39180
67379
15124
12109
73625
72623
64573
77134
38504
77304
92039
86513
48243
26351
99828
98352
54775
29419
37621
79962
57114
62402
45328
96386
32114
49781
87729
73525
69103
79999
52288
51829
88662
11723
56777
76365
44799
66074
80643
25032
22121
93156
89556
30297
48079
85579
87080
77028
56613
63524
88935
85472
13206
65997
96694
77755
63311
79996
22847
76524
24840
37826
34253
43333
35220
50942
20834
96345
31209
94342
39649
82185
39144
91763
73254
29792
88949
37777
23379
14380
69803
95148
44842
23645
17658
47855
55289
74706
59465
60801
57472
74687
60094
61801
12535
66962
58908
99252
47519
73893
39011
29064
21235
98236
21555
13303
31775
69356
73440
86399
45653
44761
64942
95197
74873
55969
61778
69633
64790
11957
30145
92074
56449
20814
89143
25668
87676
49935
67853
80890
96827
91440
75404
23969
37591
95489
65067
60650
41315
63634
69227
37675
82412
93465
94483
19802
97041
30554
63881
48656
29588
34560
95581
32099
75278
56329
70294
12668
31206
58384
89425
76460
65650
11561
66388
72093
44681
51258
99241
71552
41050
30470
84212
68621
27749
48716
28436
56453
65045
32891
47987
95370
85664
28565
64028
92559
89396
49086
47128
23536
77501
98404
88125
83036
45324
63180
59778
90994
19540
95478
24015
40384
30644
31506
37084
17329
16204
49490
48787
91585
89623
76193
89345
22357
30846
95526
59664
43495
77627
48121
81493
73229
49273
51563
48045
31370
55913
48766
96183
55999
55684
97651
95676
46843
96482
70017
57303
43840
59000
90514
81050
50354
15006
90631
49320
92628
56846
85453
13139
61637
45902
24540
46258
45906
75473
78027
85096
12902
68141
88591
80210
56145
83045
49322
28680
44432
92846
75158
76458
46323
92398
49607
82617
38424
32553
48820
78800
81932
33773
97524
16480
18757
40684
15482
66231
35541
58773
64139
38038
68851
98748
73220
38494
37304
89222
90446
55474
58764
76328
60941
41821
41159
90448
78553
98068
84351
87144
12111
64518
19162
36372
71515
65371
50193
11975
94557
44988
54278
72691
57413
13765
28330
60909
62081
98028
38222
77257
82800
15711
70050
37775
85166
92762
88390
54526
47226
89901
80593
22266
64554
23460
85038
34835
42516
48564
57244
79082
29995
77909
91018
93981
89394
13880
57380
35505
86191
57681
25124
59553
89802
13958
18720
35261
79583
61058
58967
68900
18152
84323
66563
63848
46769
15053
44744
69959
48784
23604
58853
85439
96661
71502
33925
22279
83983
14106
50796
47901
51160
60562
51383
93841
65211
89959
61680
32104
84748
95348
92205
63534
75963
46420
24169
26233
88324
77735
99914
96246
48103
49804
96200
74067
73700
31778
12892
40061
59219
94410
65602
16177
33190
62937
81848
71122
71529
27965
46785
33319
59356
91361
73935
46456
68073
87289
26034
65672
59005
76263
40888
54658
83913
37851
93148
17404
49237
53931
36268
89692
66332
92657
72811
19398
15962
53848
31018
50917
78788
34859
68050
77791
50078
15514
34231
93628
16576
49043
87007
77843
64244
19319
83092
14605
58865
68938
74536
75130
15501
26734
17033
73737
13486
40348
62488
81367
84848
55486
82731
35523
89915
45990
36952
70018
81756
57809
70867
73664
98672
15687
60153
38370
15035
90373
30407
56185
81122
22089
95439
91168
49724
55271
70782
95084
72905
99928
94471
70746
77426
16643
15740
32849
36773
41910
12093
80883
83607
81781
63800
95224
26668
33397
31979
52679
70293
60143
42011
96029
46148
73537
87809
59072
71197
68533
64334
11722
57414
96088
30428
67314
53409
24317
31848
59355
28513
21013
27588
99507
73935
77376
15142
95831
94652
26559
17346
41602
40669
50441
97939
15071
95352
28630
58340
34319
26422
36094
18884
29244
55833
22868
73647
64071
59948
43993
74917
87774
75520
76678
28487
73688
42620
47251
53270
37789
13411
38263
36126
36232
77194
39602
50631
96038
56387
94686
23704
21999
55433
78543
31094
39873
82572
45788
57667
35276
94975
33703
41722
41432
64848
14080
28816
27364
94497
34058
50233
76919
22385
23441
32034
57001
35751
40801
24114
63042
52984
23526
60551
56290
69138
41423
38638
84880
54152
12532
58163
15701
85790
53420
85802
16587
63022
32921
84461
18385
12395
19668
49009
67201
35433
39361
99863
55047
18841
44154
24040
34260
18597
57642
75475
20744
15949
91186
11982
52780
22043
27728
33583
47206
18503
15929
88807
50712
60328
62296
42662
73668
75816
75806
21719
66018
87421
98496
94958
40293
11796
12720
58099
90585
69240
20728
97338
49741
44269
30567
54865
21022
86394
50342
73703
18730
17161
13801
64652
24918
91000
16568
84667
28706
88978
51590
74912
94218
38809
34597
43189
39935
98512
83975
84220
97008
61796
53993
55193
75572
87656
55647
73967
56047
14363
42425
21040
33041
65152
35505
55838
77346
19525
61374
16149
84167
14076
95589
30525
89838
49509
85874
77256
46279
59670
18303
88749
52497
32892
32006
77371
67723
64837
80411
58888
31791
43968
58348
98966
80171
76998
92103
42608
79816
61093
45771
36869
89545
39171
45667
76315
56678
79739
38156
86956
22013
35629
44064
38519
51974
69595
23640
80851
34594
69870
50837
89029
63876
53566
69107
82729
25579
86605
37691
57042
90561
77152
42163
33921
50747
77948
84377
65739
54818
69006
61017
31091
32131
71763
78076
88361
64347
75788
79416
53967
80355
97391
92347
81732
60095
71148
28663
74313
31714
94286
80092
23181
29943
87849
91174
45168
98617
78628
16569
13480
50208
71033
57263
92528
69398
79423
81679
43098
19569
85890
14953
21309
63393
11737
92111
52299
18408
17722
81795
59073
45383
43989
50060
61312
88272
41737
61089
43251
65633
41047
74802
89797
22123
18710
44065
48467
78362
13802
30128
89644
19025
36917
12037
58902
89422
25679
83466
68271
64694
34631
38122
43107
60383
53367
90020
12783
19812
16346
57861
20483
28238
74362
40577
80939
27976
97048
73656
18340
89775
43419
17286
31817
79912
95689
96841
55173
20433
57894
68996
14731
99985
67408
77162
27689
97071
38618
68909
98611
74484
27920
57627
38646
50080
91100
79410
86461
16524
49842
31275
77092
71149
70620
37004
73445
42673
89840
44380
44356
63623
39788
15346
68486
39921
31945
99345
29598
56050
77656
14637
13286
89668
30461
62815
33976
76759
80238
33853
11608
22776
53050
11895
45118
30102
27356
19306
56925
37330
94301
55671
21557
31974
34877
52255
47140
92030
22620
89488
58618
35462
26713
63577
43261
84953
83594
93083
46942
27074
20938
90972
64342
47520
12573
34835
44678
90795
63441
28224
85025
45904
23855
99718
82646
44395
47666
41940
17440
35414
13634
87373
34296
71320
29675
56443
80362
76923
38267
25235
40115
88878
75140
70557
19722
19411
35763
33299
15100
20714
23341
90728
44896
14018
82320
88454
28541
29221
20265
39010
33262
24428
51246
31595
51983
29179
37703
35781
87317
69633
27321
58170
86998
18636
29195
76534
42867
64087
56654
71701
31525
36102
20864
69612
14573
31980
20985
45652
81022
11760
78111
83544
22277
56796
47912
11970
42110
27523
67323
68074
59529
11448
18322
42253
58205
44846
72444
16671
78365
29298
26470
97809
58286
60951
58802
92252
29353
44167
27602
31489
32079
19663
93763
65726
68886
51486
95254
12020
64625
84681
87708
84386
90841
11896
34930
60524
59800
93736
52414
22228
30539
53589
37060
94397
68422
88592
14782
43204
92120
92684
33743
52748
15326
98035
54643
48976
40185
69571
46273
42511
19882
82221
32272
26251
31517
94513
17815
44387
16669
78589
23295
99397
84712
30661
26072
71133
79807
86208
77218
30576
95266
34820
78642
59284
91168
44841
14535
87067
71613
13994
99935
78916
73701
98667
62761
11642
25090
99852
23760
21538
96157
23032
12767
72206
85442
19285
57490
13644
78242
99778
46551
99785
81059
23463
65788
90181
27161
88742
26305
18751
83831
51055
61372
73270
86565
34747
60417
56636
22703
79941
23396
92150
99572
72106
55840
56773
67871
49580
78244
77686
40353
94853
27877
39771
71912
42198
35379
49744
95028
67658
74793
77039
72490
64512
33639
71910
14636
48855
74807
88023
74747
57118
95517
86623
15518
30190
65817
74541
18213
53400
12847
34120
28625
12243
65008
31907
48478
30752
51542
27024
58661
36441
66554
55124
45807
85059
21674
51150
72586
42005
91679
30780
88705
88686
54433
23609
88821
55771
92582
62728
87434
25947
67482
78951
86587
35432
23306
82016
53277
68692
19988
86585
92811
19273
48951
34726
99734
72933
52287
76271
78155
27675
71288
51468
12336
39730
95936
82815
49187
86659
29193
23884
15802
60930
35389
27192
53984
92626
24500
54410
72661
15550
88096
46146
52607
46208
61767
82245
90989
63788
35908
35617
77570
45300
84780
59154
58809
98267
73332
35559
13066
60736
66472
59939
72747
15436
24225
32443
21009
72668
77911
31148
25844
48892
67282
33031
11395
61872
97592
45454
92759
76256
99298
24811
76867
89127
40304
84742
83600
43043
42141
29925
59138
13611
20257
56627
68617
85513
13245
17387
92694
14491
17650
76393
68224
18457
29916
42196
69445
44063
13335
17118
64800
46689
64336
52345
85608
42022
66027
71995
47757
93100
35663
48984
21380
82799
41606
88306
66492
81841
42879
96913
90261
37515
61498
49732
81164
60641
46689
22069
52374
42745
22538
96940
67807
30679
46675
81107
71807
71786
77752
47119
20152
45740
74500
30736
62951
11328
27353
39498
86829
83773
35079
43783
65023
36388
48825
20759
92374
67360
63610
13034
80140
78236
18087
32242
93693
32558
62935
76508
97055
93113
19197
21028
82166
96042
75198
18774
26781
16349
41690
11467
66108
37055
65765
13479
74548
62906
34540
15956
49639
60698
42041
95977
83695
72894
25518
49173
54193
27793
95011
73507
36833
92774
27500
11885
94964
68081
32055
58273
65311
60783
70009
79498
54334
81091
94513
35698
72763
38281
25234
71354
32374
63429
69909
18619
80530
32566
87475
41210
73336
88767
20368
47754
24849
17928
99715
82243
46828
32998
49950
38933
39954
56809
25553
45474
86949
65944
20960
54944
58661
25167
18232
91812
29273
55127
54751
58158
67489
95239
54719
54569
29762
56589
48802
16680
86833
39280
14574
81044
79784
76055
20749
41207
23169
79229
87679
43238
16811
94426
64635
94426
59672
73324
61815
36203
74503
15400
39294
86354
91516
89900
23980
43034
96155
54194
31665
98168
18162
91617
93972
37344
58437
46260
98283
66112
78658
52239
68179
48534
69250
63388
32733
66397
18945
93838
21163
14148
21958
92889
65833
39759
95425
59097
40582
91247
76911
67933
51627
87649
68328
34926
47905
70783
59299
56569
71365
73615
34644
33191
13510
40049
72758
94142
11871
59916
25143
91360
98600
96871
58525
32271
72776
71697
78711
70249
80523
51103
37906
13753
30648
96823
94676
86944
32845
46315
28610
19862
28764
13442
94540
70080
32825
96628
33268
61542
72617
26905
56027
48385
86048
92859
21498
31285
87954
18329
85166
17060
73200
64089
66709
65560
72422
17105
71363
84257
13680
96826
90738
77455
70308
28778
23035
40320
48158
45311
56672
68734
32834
81563
69503
16200
82085
38219
68012
67106
81276
90549
83036
85141
16120
11148
65808
68299
45529
28635
16896
77304
62980
27381
76679
69627
27745
29475
55314
51209
83518
72518
74604
36384
98720
13260
30108
25079
36363
41950
32034
32336
51699
19760
38387
33331
71302
27128
76775
90955
35520
88047
83147
48754
67244
71230
28022
60694
87298
27134
97166
56232
57101
45186
21912
15027
79868
97608
53514
48921
56150
91824
59098
69734
52137
96516
98788
59828
59178
11305
65718
17308
62023
80545
72508
93435
18102
25167
20400
74583
69171
51241
62284
41597
24368
75883
25283
86679
16006
37901
32108
99532
13389
67071
94464
88403
75427
60197
61144
61578
52220
91214
62604
76924
63513
35110
56792
48706
66067
85842
67012
55817
62427
50342
68973
70621
28784
69593
47957
74537
75192
42068
77566
70619
95748
52266
23012
82882
18802
27364
17281
47917
17355
99485
77727
62977
79480
57539
55677
22629
59756
65835
28630
93551
15561
70691
13757
87723
98945
69733
67057
16262
27457
84866
48654
57483
60280
32278
29586
69964
46193
82184
74225
52027
26095
94390
55614
31933
74939
79307
69478
31584
83390
87505
39059
28936
32205
97452
43330
79262
46357
96733
44440
66700
77742
44556
70290
57475
17630
15299
80360
52015
55157
57974
88307
86420
25958
14793
47905
61378
70362
30628
21984
15983
55886
40782
35739
21431
87513
75125
57740
73435
62520
17516
69855
34675
29299
96211
50894
20587
48796
82775
66736
85134
47561
54347
63969
58981
56545
72539
77699
13228
77491
87044
19813
59608
64073
66238
45899
52702
21952
25885
11971
74742
82634
98483
33332
68437
76787
87606
16744
20648
50226
78408
45879
41845
67104
59528
42687
18645
17104
85097
74073
83473
94520
45172
95496
41878
19287
28521
99243
11310
65238
11543
17425
91595
76896
24768
32960
56904
37544
99472
81452
31415
15991
85623
17617
22328
19679
77068
54563
63304
64805
79495
99340
94931
16619
27459
79899
17738
84655
18592
57730
44513
16538
50627
71745
79017
11404
58383
80757
57088
11295
36618
30566
73681
30978
33740
41681
47661
84232
27839
86836
21955
68170
35367
13710
57843
28998
45306
82686
60644
85881
82386
45916
86839
32124
77467
52126
74871
33334
48853
79558
37443
48026
28943
98219
28486
57422
39852
87549
52168
91247
23796
59693
21427
78261
14477
64210
84662
87292
13804
28258
81075
70883
52167
31339
45038
53338
58673
17618
92610
89705
42143
20236
86190
43344
55059
38522
29842
77035
88668
48049
38360
90869
58071
66322
78800
91148
76293
49217
77646
86292
29148
63598
47696
57605
79873
50499
73551
93459
19430
37991
61453
61050
35006
99087
45265
39212
82902
23277
72078
11348
28044
41867
55251
97430
97394
18323
99848
21755
45007
39506
49725
33645
13941
29108
73577
42506
23079
53586
84711
52285
35153
59080
34231
29354
69350
57954
90067
46739
28449
69661
47353
16439
29150
94333
56107
62050
23108
11860
35110
23136
30247
72983
45889
54087
49257
53613
82635
20258
99660
39916
65502
71833
95324
32124
32165
23701
51694
60951
62627
53324
30624
73374
15618
67525
95865
30270
46195
86380
49147
17566
22837
26430
34301
87004
13113
73001
69070
94504
95669
83594
16602
18332
91416
95374
75052
38349
27546
85294
68651
52030
35378
27533
93063
59370
87847
55523
12781
38762
84974
77877
20738
88917
60930
38526
28253
29629
58067
21082
23821
94725
57893
37110
66390
68405
58293
82293
81707
85746
42435
71040
92061
36738
11145
70256
80609
22979
78668
20360
82921
21333
86073
84994
28247
65892
94957
30168
87117
69495
53780
98460
73549
90038
74169
31804
60471
71734
11215
97756
12921
56822
15689
26808
21479
64184
18704
62726
46466
50579
95905
94651
22799
13511
63629
45676
46324
21295
70601
75673
49248
44440
77946
55848
27390
42426
58134
93162
30678
61655
91305
67816
64904
84231
17603
82943
22621
69582
49158
39965
13242
84416
64488
73914
76082
52090
95000
72868
72397
65405
79248
25254
92874
81668
51840
92008
73655
67912
36414
43086
11678
92084
67415
33300
20938
82821
82382
88532
89062
83121
84280
49965
81706
80660
41323
55707
34308
17204
51724
87986
45544
50991
80557
76815
13524
25199
26304
61367
11849
41856
84955
19351
25396
89283
93742
49010
68955
22213
51804
71685
80433
73701
67398
28438
32948
62281
23757
89817
39789
22952
36720
24500
40433
22570
22911
78523
98643
44644
79981
68554
56577
80157
79206
90070
65201
76776
19060
87687
14110
40096
74447
72923
33772
24528
24937
66989
85614
40944
24522
61510
87010
40171
64227
83197
50919
63126
42784
45612
87262
26417
72771
76457
31371
35849
54553
76822
90037
79388
31510
54804
55323
33129
56803
85181
82319
89910
91703
62641
31828
91622
78180
26186
24415
28579
89307
71254
84893
43534
26232
51445
74623
76504
81157
53144
45921
44182
91078
90429
46523
72221
16020
71636
36422
29298
42170
93192
72802
40552
85727
40459
39344
53885
94661
11407
39989
48257
73723
33018
53676
12447
86724
95491
27119
86766
77280
76184
34432
28063
97600
89894
31361
93333
28466
58297
46365
54386
64498
52887
16637
65033
83749
79853
65905
23876
51314
25970
74576
16483
15891
58157
89400
47115
42139
18639
62220
94912
81381
54283
83374
75867
95598
79185
84644
36349
70531
85359
33616
98280
83924
79114
19165
41521
82134
58362
53410
37497
90350
93168
15653
36271
35391
74159
70609
67387
54459
93414
71083
96549
50013
38585
12833
64445
98538
59168
89949
14631
79874
56083
20067
32233
57800
90768
33453
96141
61445
22194
41854
66711
71944
59719
18842
87321
51766
62108
93509
82096
12502
50924
61986
29882
43808
91966
23937
23759
20331
92308
12243
18294
93073
26567
41426
80555
51963
33827
72194
14601
72327
67005
75300
69270
81421
82909
70460
25104
32957
34164
14736
59796
26018
95142
15562
25856
36498
20710
75408
75335
24267
21489
79616
87723
50801
17805
57921
45916
91483
59525
83485
14866
89420
63136
18411
72051
35875
73297
49580
88211
52529
78778
82358
88498
27896
94721
75532
12764
26677
26922
73732
68644
63343
83145
36519
90007
15636
23411
55588
22721
18332
45552
95960
68673
62335
17698
87109
57120
32178
27467
60649
85894
57128
78005
59818
90309
40554
16849
13300
71685
41329
12236
72038
91854
98069
27084
81376
89171
62849
21587
71614
56286
61572
26497
52322
42771
23178
40750
88811
19687
21366
13533
40770
93066
94656
82127
98244
17501
15552
78970
19161
69197
78552
38646
84847
68979
82463
60081
50432
97390
64954
77090
85674
37424
26979
51293
26071
99906
81173
70924
11495
63311
96914
30773
33234
35536
79048
41860
67983
34449
74860
24750
32148
89855
39243
40945
75035
72551
47510
99791
46049
95711
54970
39929
71930
98397
78639
81795
38771
83749
53945
68595
37617
60727
37601
24684
16275
38967
38853
89223
35950
90819
31693
97364
88235
66729
15247
74942
33232
72703
16741
82900
51505
44843
73705
80676
17379
95481
87812
87129
37163
94252
50920
83658
74940
92131
76392
15257
90003
68709
19918
16920
54116
40486
92486
72840
63867
85128
57025
31372
37412
45904
87831
32078
47530
52563
31028
12950
37105
51080
76807
26151
25337
93339
80503
80197
20114
50164
25308
78849
17771
53082
27654
16607
89640
30660
56192
74437
68983
80029
47919
45404
43721
40540
21794
75149
90964
45135
77516
50795
75600
53080
54210
26698
87902
56224
25625
14300
23774
11134
85326
40363
68480
97419
44432
15696
75090
37775
84729
82818
21480
22169
58668
59414
47244
27415
91086
25827
70422
53193
60116
30434
25892
73245
31811
82474
31082
72767
34471
77739
68244
90913
71993
43841
37692
22010
29711
54353
33079
62536
96136
99751
60654
83163
50568
65964
65504
92681
30083
45850
18192
64330
20818
33295
64664
21504
66188
73534
65007
55219
36888
35383
15808
64319
59055
19314
59711
88785
68530
75936
93131
44110
71542
85009
51920
21102
85058
75142
51255
30668
63498
38372
43260
32099
36983
89734
79432
45770
56508
51925
76870
89676
31636
77135
29914
33000
93635
65598
38582
83627
21325
18034
95094
68094
96599
19795
25198
38219
89520
78514
84536
37140
35929
33228
42665
16997
95548
73071
39703
33996
65530
52129
31553
38899
65523
35327
71007
38364
86396
37022
55625
49353
82680
29949
49745
25574
59543
67666
97865
68910
50445
45262
86251
23904
91579
19735
25866
30178
37768
88209
67304
96756
56973
57668
67225
20552
85771
60740
25764
36711
67852
92444
42356
70074
72103
59249
88623
79212
63694
46231
12283
52339
55785
34406
16798
95249
98887
60226
51697
19509
25383
67566
34450
51018
18359
37848
16271
86652
48869
56239
71547
85246
67500
91651
92115
64895
44538
46139
33429
40490
29736
58177
78636
34933
94282
36873
43252
35352
53636
72892
16068
61281
33891
21972
88114
89616
57523
22851
46506
78627
21247
59839
49701
61752
75424
46330
20590
99213
12080
36094
59480
14973
88480
85054
73357
55521
37441
54745
59234
70722
37726
87738
55691
20045
78918
31148
35688
14020
13828
66445
75325
37395
17925
44904
43186
50436
89193
62109
48857
24511
32132
94031
93128
78333
12978
39706
39122
69600
72999
83044
77372
83883
57260
93475
27920
24908
59807
74641
68417
54431
20400
85232
43119
47898
26866
65850
22252
15085
47229
39734
57848
87204
52317
17052
39030
97757
74373
81021
53367
36560
76188
78219
83509
89437
91914
32442
11665
92628
61460
16357
93671
94092
79983
72090
31596
78033
32505
85181
83254
17877
49835
57806
53996
26600
75658
27091
81635
50159
72959
60002
91006
29832
47473
74473
47262
52192
45581
14067
53155
84477
72253
41098
35879
74105
14064
29130
59457
50318
72613
70996
65752
68167
15715
22219
33243
33148
53116
23384
38983
26124
75887
28328
18966
19126
18224
77366
94523
66937
30355
78349
33533
51854
82830
45217
17063
14288
38207
68626
39689
46295
15675
36936
63450
61554
13533
37715
16780
55467
54999
91055
24780
39770
30406
85894
95909
33795
34021
40770
94637
21979
74332
91553
67192
19333
94599
21546
78396
13568
64061
25272
64625
70932
73229
56081
84612
27708
40350
81147
19191
58564
24414
22054
99261
20003
81474
24546
58187
27550
35376
94075
82678
75137
95791
87245
35696
52848
63263
87224
41706
86267
83034
15243
68677
85804
80740
96656
71834
97849
27554
91883
36185
21297
79643
27940
82520
33409
29738
96668
31823
79414
14403
64825
96937
70684
42771
82935
66152
31825
76077
56249
61580
96823
74152
75877
82271
74341
63205
76517
42171
50654
36504
34788
51638
56511
39917
85674
86912
69207
45962
64907
60181
51923
95635
47822
71747
36623
65775
30731
16309
48266
35157
49421
18193
36172
97163
51254
23716
42872
43877
75037
60671
69324
24869
11182
16100
56872
28937
14221
56505
88428
48522
38032
60999
32339
27084
29097
40739
82926
11166
42126
81012
44990
78198
54811
56586
99542
74614
41174
59629
74819
46217
14534
84392
94282
40182
85806
47196
69749
39573
28285
22346
65435
14632
42547
52155
87420
54988
52286
25603
55311
83955
12183
51475
83137
70992
46912
62138
11415
21147
87486
34462
38694
64813
83132
96140
90842
87127
51179
32729
52074
45523
22601
87031
94773
35758
80434
95781
56282
86395
25693
77294
78589
48486
95190
84287
13584
98044
29587
43994
37978
30703
92581
12090
44239
67852
29530
34979
91807
15082
98326
65772
56321
80093
95725
76614
53271
61623
27481
38806
29111
60415
71326
97186
38006
95889
66801
97326
98093
36540
71457
14301
56148
58680
17404
36713
23704
66485
71363
53224
79653
11859
66142
58899
34818
56306
64166
14016
19889
52360
23221
44228
69426
93413
25387
60530
17905
43674
75157
31535
90085
21728
24612
68051
59663
61219
77551
13804
99471
19489
34021
96409
25764
99644
25993
93896
59883
44467
65106
83184
43890
71718
90812
81155
43905
41698
62721
51392
44805
13598
18342
66944
41564
66342
39419
15137
62590
86497
48410
36279
65237
46652
72601
88250
26581
42873
99310
40339
17122
15621
67233
94036
76391
63101
22622
77996
18639
17197
81886
75550
31023
79986
40010
47935
39777
28011
30552
33506
38211
50910
20835
34283
63999
94070
73777
89473
34641
88636
44471
91877
74037
87127
96904
63914
44333
63109
36929
32464
19790
48448
50066
61181
94052
41503
75734
18709
53566
84820
98610
16196
46176
83480
83571
32092
76201
56640
79836
46932
89627
92286
33737
92801
77136
98692
65799
21259
89395
46430
25482
57631
68410
78231
37107
62709
98423
28158
78036
74528
64518
43015
36265
21024
34242
86010
23501
12056
17311
52899
46673
48936
86272
77311
69889
35668
46259
20541
60208
15560
43706
97082
64034
55406
13581
32624
78176
86376
28337
72229
85588
21006
92210
41255
70682
17858
69576
14300
30843
60158
41021
69914
62647
18685
80888
94795
77276
16836
35227
63681
12558
29756
96777
55805
70520
35102
55904
43603
57266
85293
95585
22230
30633
80368
32674
44275
71021
87032
26373
26258
66546
14777
33362
21349
52975
34916
77458
76982
74603
21986
92784
50828
72768
11401
79884
30042
20115
14035
83924
11952
45100
75220
89197
54181
12075
34974
33241
32443
26019
32514
42679
92156
13560
86993
37132
51600
19323
79296
85192
47441
63854
60101
71100
69387
99305
85392
94783
95920
32581
32172
12284
17142
43748
48108
28463
90500
60161
97945
55050
87888
65575
63471
31747
38837
86557
60028
21126
33289
55335
37570
42799
47837
25975
70836
17336
72378
49292
42234
41960
50047
73838
37972
33549
97212
94584
55791
68341
26393
55208
60109
66693
65959
54226
69399
37772
28729
61025
29375
78715
73425
28810
23806
38507
98865
74036
43913
20946
92558
25680
14246
53997
11691
80125
99546
69206
12119
13372
65689
14538
62162
21704
45200
22306
31818
86531
46238
82628
29189
58005
55824
41907
15736
70336
39305
14013
28274
71622
46951
23062
52708
47956
66719
77675
26702
41015
54315
81264
40000
71786
24220
21359
85883
86328
60514
34715
18898
36923
90460
29371
33750
19664
88524
47548
41564
98207
88223
47505
30866
35024
43526
90975
72645
27071
79219
91840
42127
75468
74870
64121
31345
39306
92206
77782
13154
40118
87893
39708
92423
48301
33930
94882
34344
64802
77819
66095
87622
78132
44965
31037
16248
62616
78576
67105
93300
81863
91628
77022
82253
84173
76358
76136
24992
28244
31237
49561
14112
25667
96693
88205
87533
97213
74493
98230
85153
26682
42343
45428
37798
72210
22405
97369
18181
53029
79279
25694
57211
45710
64367
50150
36012
18159
75276
23514
57875
83789
64250
39420
18360
51916
29712
51031
82610
13890
73238
21041
40496
40849
86055
83905
18710
15149
73790
19952
79388
45422
59268
44261
81280
62543
69598
99533
42856
88867
22082
81224
20771
98365
12075
62713
93341
45285
67288
25872
60011
54174
97737
41052
21891
32159
62833
98299
16856
42598
53489
41217
24584
48722
22430
46440
43418
67769
12412
57384
37713
95625
92626
41391
62097
73401
16501
45399
44218
47263
86875
43506
86499
81501
53094
71334
78329
74139
22923
40790
75236
67233
15200
46157
73408
79569
39198
54279
56293
17202
38259
62545
80238
31721
51197
52636
68033
79002
17169
61843
44686
80906
29157
23332
37031
66821
72230
54758
75442
41198
36186
58917
28067
61838
17078
77471
14743
72064
77850
58031
16522
65890
42804
53673
52284
21266
88109
60575
83708
28957
98970
38993
87894
13814
68997
70911
33621
30767
47373
56686
94991
29965
59102
70220
22117
83874
59432
61257
40386
77632
74928
82920
44510
56195
30238
98866
43334
96150
18775
17994
83099
40712
83475
72040
90552
62993
80856
59463
17311
52085
70992
48996
83239
51154
77424
65103
96489
87876
50673
26524
31329
83854
64612
57914
50604
41603
34079
25668
14506
82172
54943
74250
21192
79893
46439
71524
82183
57562
89181
24623
81475
58716
79474
26495
78665
97780
63812
21848
47512
89596
98434
12587
31353
58517
81193
99741
73661
99321
65221
74497
99868
42284
18034
47080
59151
30351
15745
95540
23983
51502
78077
55008
34229
94218
98458
61260
96326
50509
49198
81282
83111
59570
80674
83382
93046
99721
30483
58493
84376
64802
70592
97213
84092
52220
58881
40256
50078
39185
66534
12231
80093
93401
53887
41693
62615
51334
52790
68131
95625
34610
52489
44656
25616
50058
37866
30744
18873
11578
24934
34751
85027
67652
45982
17105
21240
20678
64156
34918
95715
30947
65626
73315
84142
55253
23306
34830
28628
64179
14745
26984
70964
59430
91920
43859
77550
77083
54267
53669
37064
94469
59537
50622
38264
35373
56384
65653
39782
23283
31749
29745
33350
56765
92482
24140
84298
26301
66304
38257
75763
26814
17763
85491
16864
95573
38668
52201
85616
19589
24872
38936
43104
76731
92560
71388
91626
42472
31742
50624
97030
44272
49218
55004
40158
40131
98011
77837
41307
15055
88098
67067
54630
66719
27311
38300
63342
25101
36597
48897
93667
97566
64682
27212
67917
76522
22298
28542
69926
23303
60305
45111
74726
61907
34059
62563
96194
59698
59665
92032
92271
52613
78804
32456
86708
76230
18581
32404
71287
52749
19310
62489
86267
17800
18628
52537
99857
78864
12878
23187
37287
19162
67354
21115
27664
53461
35658
77200
11625
73583
91024
28094
20200
68047
97435
76797
64517
15445
90172
91087
11927
47792
91708
43614
31116
22202
15082
14390
51215
92796
48689
50605
89576
50807
33911
67633
84553
23808
67449
99565
73567
52140
83936
54915
76089
67013
90663
66253
24680
90628
15125
33152
90050
88653
55786
24297
90850
17540
27740
20309
55804
83489
70818
40182
98702
92262
66319
52495
85496
73800
79870
58339
20286
66932
36769
87097
98552
50275
30627
50318
98236
66865
43706
24131
50780
69733
85575
29180
84201
97426
94794
71682
96380
64407
17405
58469
76212
31181
96050
23958
85254
84698
49091
38878
69149
29481
50507
84631
72236
19824
56173
71454
28041
28598
46614
54901
22642
95562
85468
35820
92981
20685
11886
92657
30622
57458
77541
90685
17216
84400
26505
17625
79981
80771
95699
36864
74048
55914
94904
34044
87660
42680
60718
15371
40594
31012
97102
91023
96707
35383
64109
29794
74189
16196
95839
34095
13457
69155
18426
96274
18334
16221
85382
17716
97088
28348
79180
75322
81721
71066
79636
72021
53393
53101
19881
20635
82291
55776
34490
73292
47458
51319
14895
97386
28958
71685
35489
18661
13771
25901
27598
32219
50316
95114
28963
99456
69736
88686
54871
26204
56101
31711
22773
64067
15045
97589
31741
42277
68945
16460
29504
81068
61761
92802
43663
88099
77476
31356
19380
34216
69188
95564
63809
47502
41882
64641
23342
36379
80684
85221
52782
55526
13973
14414
95069
87384
37789
46486
19718
45452
86234
84224
85016
61388
11570
83440
27916
36924
66629
11562
19087
54739
72482
75200
51915
52619
66719
20164
93905
12466
72709
61336
69282
68893
89191
50387
27618
18684
26461
44627
63512
88201
15676
50500
76246
75578
86968
45974
96280
74770
34097
59018
64984
94584
99509
31639
74560
27514
91672
92146
96009
26396
61389
88308
95762
50940
65509
36578
77134
77718
29916
48197
49238
50915
46663
25147
70955
85311
80977
78337
59796
81088
99833
31760
57639
78120
43080
73444
14461
99928
58470
95375
44538
23703
44478
71648
75529
99477
40671
83094
18461
97257
38755
13772
46528
87861
79992
74093
99499
58002
48811
45468
60747
26683
31730
99110
49164
79637
30603
74307
84788
59028
75157
44277
16818
83200
66221
95519
13259
70658
25475
50850
50904
71064
20578
16003
91771
20655
67448
30255
59276
39967
37699
44744
94751
61083
99617
49653
55982
93936
74491
96437
30075
20373
61626
33618
99397
69537
31262
59389
28028
46570
47213
76408
80688
33306
26786
54527
19400
54903
69855
21680
30740
40471
26784
85434
57150
35049
61275
63496
79601
76618
13916
39824
16663
87569
62948
64896
21948
98652
46095
49953
35814
40398
99588
13327
85818
11835
60807
11818
26009
74576
56453
93310
20748
68536
82585
97596
48502
23557
19501
48418
15462
90885
93586
60358
51585
53990
40253
90083
87619
69586
74306
71831
89644
36107
51602
55042
54345
12384
44828
69639
80141
81322
36787
85469
29547
93966
22266
19711
88000
15313
13008
79647
89156
45849
37690
23318
23495
28111
24759
86928
76441
29152
97958
83745
48442
20422
81257
37090
30922
21119
18538
56468
12685
24754
54859
74068
91094
32934
76867
15128
45924
21327
62476
26538
41075
42553
49408
79887
38612
99949
34049
23696
14729
15941
80347
88745
96786
74676
80462
14152
11601
78837
56969
77549
24799
68472
89051
70900
87022
84850
46857
28157
98622
83374
29630
89762
22919
24631
46633
34469
13696
26806
45478
65625
29940
79515
51239
22048
47846
98545
71632
94351
43936
13159
74187
86972
71079
87833
15290
80261
30382
69590
79099
58291
12082
83852
70533
77676
50611
11552
73921
61904
81591
56007
95503
74536
30615
25830
18533
96728
11420
31152
66035
59711
71599
73195
96620
17739
23110
92818
68108
55035
44690
12681
75843
46109
99916
20255
79259
79838
77955
74720
42565
64050
29299
75578
31708
95006
85225
43430
46921
59517
86752
27052
93383
43944
79726
45073
21048
87370
81980
58290
37235
65161
23932
93049
90229
54498
54264
13743
61401
46732
86454
25040
60772
60626
98209
73286
86330
39307
25886
41746
86388
65746
44741
79732
63395
16045
49502
63726
54843
97633
23056
25101
62459
50817
85375
50782
86786
16402
80906
69480
22870
90998
34639
70746
19685
23891
34020
65869
74755
80060
22413
44536
48378
31805
92517
90755
75943
27362
85456
33299
48732
92599
42976
75022
64338
62619
24956
57202
89794
28399
68452
17940
75124
41999
92028
24554
75545
65834
66915
15866
63961
18182
68798
82326
99956
30698
36950
79644
14442
61322
25054
57106
90141
66675
43992
78358
23428
49217
26523
88174
25409
46083
11896
49464
69221
81422
67150
71672
12633
77512
84134
34203
73226
32131
98722
51925
33322
54441
58321
14410
25670
33641
36135
56198
98277
13471
32927
60990
18428
14973
87347
42674
72419
31357
17356
67323
53547
57280
75026
65792
65887
85503
47332
67074
55825
61643
33851
17623
84844
52229
78764
95407
82166
50834
58114
49106
12353
12405
87817
79698
14009
62075
86035
44498
83212
72889
87480
11391
55687
59028
25439
55387
37229
91416
62113
43780
42016
72357
68876
20604
17563
12576
42209
51518
15258
84299
82512
57010
48951
18157
37451
59299
74330
70215
43746
78376
94229
44819
53702
45407
68560
33592
11790
66880
65807
60648
48968
33359
13600
44150
87570
47118
66733
80740
38551
13659
96359
89033
58893
54371
31849
20176
38710
63818
25238
67050
35441
82894
24447
68543
48726
61338
64159
85317
16345
67382
53959
15809
16195
83327
20960
29853
24990
29147
72499
78303
25887
29616
44855
21477
84527
66339
52296
20487
84381
41768
34492
62373
22254
89989
88975
87886
73342
17963
26899
23945
21430
52809
79919
25911
69907
96885
37186
44040
58130
18385
14159
58817
59416
79558
70719
30496
84021
16946
42360
90650
58860
46280
42977
75666
68064
69127
55355
24267
31606
67313
70911
25720
31352
35852
33974
61789
35511
62661
92552
62507
70518
69651
98336
26302
53390
17338
32801
49189
52434
92051
95461
88359
17325
17663
96459
59491
53881
13970
13981
29771
74655
76534
11803
22176
69549
46837
39092
38273
57627
99177
60261
24364
74836
17791
14820
97025
56002
26746
89519
81586
84467
36192
67712
31108
52987
13129
81499
31702
71856
26593
40794
94326
16757
40555
69618
55985
39745
96200
39076
12993
43195
39380
70191
49416
58198
63961
31479
52843
82520
43653
29221
22808
99497
65574
98405
95040
17145
80752
76570
70264
73677
41794
48421
80437
12273
66114
59458
70729
54598
25215
49910
61838
44688
21171
46892
30803
49896
26046
39106
43912
35471
71245
33837
63746
17953
49499
87805
97029
95879
56920
93427
74002
19660
32855
62521
24417
13286
21064
93857
38102
87626
51006
75440
52145
68665
34069
96328
33635
90491
18204
46586
33983
51509
88467
64914
14148
77616
28627
13179
24868
15936
44133
47930
53394
65463
89930
73355
92118
24858
67129
42935
73490
68041
11287
28418
82805
20844
38712
48597
85357
20458
66676
30795
77741
96917
90026
27547
89239
58425
45106
18160
89660
