22397
20078
86451
80591
6639
17779
-4012
12286
61469
70978
54488
10570
91465
63005
2034
46864
85858
92839
-2650
46689
45030
63011
54167
15566
7624
11393
86152
34555
5260
28813
26878
36052
88926
-7120
18675
-6466
5781
20530
76535
32211
4917
96121
73915
23780
81771
8448
28976
2089
11684
89777
34383
38386
-8508
82741
70225
17601
27529
59039
22345
18231
97719
-5297
48984
68669
54008
5973
77594
19848
12487
50221
65329
91320
29519
45982
69293
39064
75287
10298
59655
80141
57534
26417
-1432
-3156
24296
82851
15022
52286
53483
85043
-6980
97155
25013
55033
27594
58365
37319
90246
76802
10503
7661
26268
74032
15686
68968
68199
85201
98484
48237
61627
-8797
69312
5672
13507
37004
48223
8292
25641
-8284
29159
50532
36388
13376
33981
19490
58177
68085
87456
30533
13161
29186
21988
16946
65458
58730
49095
28433
90177
68743
11504
65625
38079
17547
67687
76894
60833
85862
-6615
69358
8848
35716
13601
69143
89534
83619
73338
15670
69867
51921
98992
82898
74301
86800
79697
42424
15046
33038
98907
25957
33530
86437
35352
21713
48461
99906
-772
48610
75751
94039
58471
11932
4481
35849
-1561
40713
59613
64698
37127
69017
40909
208
6318
87030
16124
7627
93468
2109
75049
-9967
20984
10323
59753
98403
5321
77589
1884
32086
-9064
71186
48473
45277
93564
71816
51285
66586
98860
731
38705
52740
11803
65598
15273
77039
58401
17058
10583
70567
75699
94427
75275
98945
10277
26757
92801
20067
-8316
75606
14408
66912
42742
36922
75326
-7458
7557
68830
73890
47624
-9366
97025
40919
13980
72083
-2561
11511
15286
97005
27830
10793
52906
67660
77321
15741
21384
-1784
17377
8678
87518
36547
-7741
61918
45080
67684
95808
-4511
98234
22684
86309
19592
33527
28508
30895
72179
80830
-5225
17212
37492
9635
9189
30265
-3813
72630
55493
10101
-5710
49176
76896
88456
66092
24346
75902
90493
54681
-4742
36754
19737
15820
73576
2218
76421
44293
68162
58289
-3735
-3764
-9757
21120
30887
2874
21521
69171
5552
8979
8888
31411
47064
-5809
67794
60152
60374
92385
63287
32019
50695
39696
15960
61851
65360
38540
99919
90088
71432
42293
92747
83658
82719
63477
48376
10149
40076
15376
25759
75208
67650
90546
23162
52209
56618
42314
48060
64995
22319
53659
-3039
19057
-5648
44172
15713
77432
62290
24027
18634
82442
73041
81059
3780
43448
59298
66925
-2736
75396
-4168
41094
27353
36887
18991
13467
-844
63504
78192
77585
37962
41055
50556
47652
67632
80976
62646
59636
12259
14229
29406
72101
32191
97360
28715
71502
71424
38436
53248
68511
77421
-2754
42978
80453
94706
90972
81266
68588
58012
92258
49566
26328
56422
93325
7541
37434
42443
24160
-4807
64017
34091
54806
66070
19595
78551
89949
27765
95337
47254
27508
35585
22458
34180
71596
95645
23296
75760
97406
14324
50048
48631
55989
45152
29885
53426
28890
11181
-4620
38413
1108
39390
9883
-5017
57804
-6847
4188
60589
43932
60508
52590
33365
18993
5023
38884
-7133
66611
53442
12243
93522
43981
43213
67536
28167
54505
70098
90822
88083
65689
73997
3645
49293
-3415
87513
18437
17317
97547
785
-7910
80885
-8573
40246
88016
37862
-7616
39517
17927
53303
8233
54833
23336
55595
24680
76332
78297
36818
1592
56361
95117
51225
70782
99176
88891
74838
92648
32405
-4126
15987
159
91788
43144
75533
49822
83370
63560
15800
84156
77419
51891
87490
2693
-5103
52591
15962
19780
65756
62168
56125
22673
99587
3578
51513
5114
21790
88172
16852
81511
76353
34906
94147
53019
66442
-4436
24470
14978
8606
64309
81750
73449
79437
96914
6846
93138
40687
17452
-5719
10496
40436
53385
60
-3122
66833
75005
70457
49416
53357
73928
96833
66762
-4978
70135
79585
96032
87204
48260
66005
23506
59738
6250
832
-262
12322
96774
98894
15809
12696
-685
57538
32195
7158
38388
97373
63260
23584
65701
96664
16490
14481
10699
21654
6307
46678
74955
-7992
80324
-4527
14955
14799
59703
-1111
86069
28197
35851
35467
95993
-5935
89671
58480
29188
85055
76463
24859
54998
76057
95717
16631
58441
83905
43257
41805
20811
42354
49382
64853
76436
50116
2723
40632
84349
67050
61911
90449
75109
63943
99526
14846
94148
58042
87166
66808
81531
2100
50381
67590
-8287
57191
54024
78413
27279
34860
331
65886
85270
92992
11009
24748
57478
49753
60758
13762
44779
50338
93473
69274
51248
-3671
87843
59938
37001
12775
17924
56887
49931
17389
51366
36488
81948
74071
266
84635
-9468
73154
82153
86986
55779
24802
8865
-5811
15270
10123
54860
86666
79755
9488
82674
89867
95930
38559
95947
-9465
65404
27177
13016
9373
5565
60089
93593
32203
-7552
83041
1364
89359
81594
48125
960
-5160
41312
63724
37173
-667
86082
76452
53377
43817
92740
-2442
65904
36510
18511
79068
-1327
-5453
79771
54760
37665
71012
71627
10496
23125
14953
-5760
-3636
3338
9158
2065
78306
26713
41138
74975
-4497
43394
38437
40677
18743
75302
8626
95939
49169
30438
-9937
11619
59763
825
14133
12405
27345
79353
1233
20282
81675
2127
1672
36753
26499
68552
-1261
72602
27786
57172
45525
-286
64697
85653
97490
-8590
45119
27678
20215
-9351
16386
89665
25752
7208
19362
49330
98334
8657
3230
50647
38944
86841
82824
54552
68404
97054
-2457
65711
64035
61658
56652
9674
32832
83008
89262
11757
37708
53697
20907
16683
46602
88182
80934
2889
59268
26658
26455
51050
46709
45083
-9628
37802
3274
43736
23657
89714
78785
99057
19667
20538
58070
-1196
27530
-8979
63627
32616
29830
7573
7607
76427
80579
3538
25007
46647
-4748
2677
31889
71208
4513
37534
33142
-591
28919
94538
24653
61836
94664
76079
9868
-7851
4058
-339
34719
50781
25969
93312
92187
24637
3944
50349
66702
55080
49957
17547
18773
17940
10288
7503
37642
9351
5021
45979
27260
3524
13865
5030
81993
-905
86570
18895
80167
55807
46221
-8708
42677
62341
27624
56503
16864
-2504
31755
50018
52191
35608
6689
30258
3945
-2167
5690
6130
-7054
22042
92780
38502
9351
75825
81549
44959
65500
64256
23085
45838
24027
79749
25360
-2375
59839
66401
53620
14890
96005
96645
74047
9886
10583
66555
21798
77127
-1848
22240
36369
12295
68784
18101
46569
95617
35070
7434
6443
40774
98489
6094
7826
51502
20485
93924
71718
35221
37318
63100
-5424
60811
91626
30170
33001
99572
33434
6724
8130
99552
46458
43435
72721
-1129
49557
54956
35790
-9358
12186
30170
97856
72488
79291
90912
29802
-3795
52260
62776
57346
64313
-6104
15824
24193
21735
14001
7580
15074
61323
64377
-9659
3723
40947
8199
92971
36632
3580
-1897
41932
24740
84070
-2564
92745
12480
16570
59826
2774
38938
82574
-2915
50987
11600
55760
35291
-4021
70531
29268
24574
-2247
43911
57512
-4212
13517
-5439
89245
61972
92753
2111
77946
74625
74422
57695
90750
13621
95886
42783
40824
93971
9000
91944
3490
16739
85539
98024
16877
56831
51548
48710
56922
35570
98851
91887
37848
83843
89703
59112
68629
72192
46693
63376
94225
86165
-442
24851
92357
70075
74985
27135
80020
47988
99872
-7536
51491
64965
67929
48301
85137
29301
40617
47822
-4392
73972
8396
68540
-5783
96903
-7769
23473
37348
90969
14009
61661
83804
49761
21481
39078
81
49399
79266
42883
89954
98559
69468
-2740
8657
64666
13731
87884
-6596
75034
96067
14483
95668
33299
-4592
19860
16810
51747
53585
94247
34848
29952
5870
68224
41742
74275
40666
36324
78204
24369
62757
-5648
51396
704
72621
46787
57744
82511
81699
-4466
87866
70631
43219
-6856
82827
57054
-2236
90029
81472
35279
16660
70919
74884
52088
43328
17118
16730
1098
-1602
37120
18426
-370
61351
87524
36274
80721
99000
43058
-646
59340
15145
6382
78707
11811
12184
19841
45924
78990
83994
2412
54317
76326
56748
54781
75045
64922
51586
58681
15239
23665
61599
44794
23609
47556
16826
12006
15929
68386
-1119
95567
80779
-3525
940
14463
40108
40127
8482
70318
-4023
34267
23022
79502
71572
28012
6503
38129
6755
6904
98701
96902
43453
-1428
41298
29278
13899
75660
7868
88327
8673
-7477
85875
5770
80539
36726
1923
2960
37308
6553
76190
34136
67617
65572
71890
86557
3281
30095
27332
76130
43287
68793
86741
22844
89978
66857
7700
67652
76159
44558
33519
28069
65939
37268
46679
85469
61441
25672
89403
8132
83647
-7421
69216
28635
38237
78796
10309
11212
78548
16282
59818
87539
59978
9660
92796
65127
24036
-9195
82933
45269
58530
9018
26142
13471
-7210
-2272
86180
52737
25491
-9184
34434
14862
-8083
39040
-2145
24524
87633
56809
85743
49034
68796
37038
63841
44262
66427
47111
40511
98981
99550
5417
18357
35551
21514
75997
71117
27994
18485
60836
89085
59238
371
57312
57647
60994
64028
14788
1079
5342
45137
33771
98230
18232
77652
7324
62696
36035
83878
42126
48610
18886
62703
40368
13922
82342
78441
66533
3069
61316
-5142
13859
99505
51365
57814
30775
14704
72575
91608
76725
74676
5762
74741
41243
-1871
23375
18489
34526
74062
21225
81098
9033
6824
28815
79027
71071
45718
-9013
30012
55477
93080
35029
33694
84495
11353
10890
65487
97879
-4939
97130
-5753
29817
4280
55357
29165
2452
72475
41394
599
83293
21652
8842
61856
61547
84793
-7241
82691
98782
90101
61384
87754
80393
25359
55531
68930
39588
63259
-494
67020
83383
34596
42725
-6288
99448
87085
73299
98366
51599
19888
44928
72582
-8266
22585
27480
99503
61018
29671
41032
-2152
90525
9983
37246
40269
92168
6816
31046
89243
82854
95083
39448
30236
47561
20069
19112
-7284
90427
-3426
50442
65026
45208
90598
94912
95039
55692
73870
13837
97879
10495
-3868
73675
-2290
49078
-221
48350
-5267
9244
-403
84070
63324
61735
31230
95855
22187
-9411
65847
87558
88637
-5888
-8983
74052
87197
56822
2568
71922
96893
55794
26878
17254
88686
14926
74125
14311
37570
22115
14538
78418
99304
93553
3171
28825
54145
26724
55461
57546
56236
20902
97842
-1782
60901
84835
36757
85172
306
92818
25095
67280
-8005
98940
33211
46533
-6737
80463
36162
27946
89663
48296
65325
25510
54395
44552
89080
7253
-6391
94887
27359
60238
39569
7367
34664
-8403
75154
97302
81413
73131
27195
74152
33301
50853
96966
66715
94664
71690
88854
-9493
-8091
73001
1630
33581
35630
-5651
-8133
13707
75350
67143
68630
26759
80848
16654
27798
2692
65731
36280
3799
46577
81697
43178
60498
-8482
65615
-5477
-8467
63199
31157
15961
12487
-6492
67972
79155
94832
88142
62377
53376
12496
73294
84385
67634
-8401
99348
20693
20587
-3750
30445
93732
41666
32245
74355
87185
34874
81905
29878
99162
85684
41607
85927
26718
24729
64466
28562
93140
36377
97400
98513
7055
87302
73225
48665
5891
77411
-3131
18865
9979
89285
98787
13910
99650
19046
62149
18606
67040
28284
10521
27850
90282
29040
-9428
28316
40152
36916
11576
-4352
72381
89989
43718
53233
7303
15996
87201
53869
36761
77830
20652
41052
36066
-5851
7636
22430
57646
71850
70102
71982
78431
85184
82946
-2602
59478
67629
46810
-3878
80288
94192
27337
18642
6207
45315
39399
56947
8194
1496
44181
8597
94656
27157
34954
50076
-9493
88067
62364
-7899
36808
2422
75966
33836
58389
27914
58443
41755
90590
-612
73628
28472
35255
-4024
25234
-9445
13611
97331
86071
24838
1204
44137
22916
17427
3696
38142
63831
52834
65554
64216
95026
68026
62486
20256
76637
93820
10220
54808
52645
12996
21913
78160
72907
10829
77351
61722
86151
82293
-8937
64603
1100
47224
76630
72800
71554
65221
41887
19657
56818
32316
56568
-6349
26090
98116
93647
7492
-2413
38182
26026
26736
73342
42854
81836
678
54472
30100
-2160
87111
-309
91749
58626
49970
80458
3939
42224
-771
64820
79125
50905
4794
-1816
23335
50117
53352
43622
29215
77455
24381
52172
68444
75704
64815
71750
62193
76471
1230
72189
26732
38516
33773
-8888
96863
68122
9322
75320
34973
20840
89549
-4431
12048
38853
14814
55050
65509
38604
90464
76642
607
28878
44743
94911
61519
69620
12942
75531
12931
45281
44907
44527
66738
46897
99754
36867
64941
14452
65440
50299
40251
26369
32203
89576
40126
25862
29718
13378
78754
30492
5086
12697
35424
-4026
47330
7110
82635
27529
32975
73899
18354
21885
4777
42999
-8091
-5818
25450
9980
13311
71706
57280
82975
15289
20740
69069
89714
33959
48330
-9225
79599
18531
37543
94871
39102
97117
28939
94068
9308
81753
53938
59222
61069
73868
95817
75247
56788
28809
66649
53405
28934
31834
51829
66235
35686
91895
70878
6421
81404
61990
63016
7805
24359
21644
71982
57812
33023
71609
-951
98760
82230
57094
5225
59904
56277
72437
34842
17524
-5870
38908
17081
76193
4991
25392
-262
89051
20725
33581
40345
62650
83053
75902
99523
74813
32554
86066
-4853
22345
75159
69244
10747
24031
23404
90713
49989
-1210
68026
30129
882
33178
56475
95583
12156
66543
64248
82897
744
65132
22098
90272
99386
20648
83499
31341
16645
75282
-2451
60908
32536
88220
67263
93884
82845
17964
98330
63443
68969
82883
-9465
64677
76337
55287
19100
94860
27292
1721
69221
27067
4704
40413
51079
24144
-1048
41041
-9473
30518
44582
96380
-4494
19742
4208
18775
43291
29771
48658
60153
92490
45070
67383
68853
45440
93117
758
35253
93298
4991
46064
47931
-8305
76075
9785
-2983
85094
45093
67767
67084
60913
1408
-9575
4859
-49
6144
42855
93121
83036
26030
50277
34792
92223
27932
-5607
57048
55011
17118
14039
72958
57152
55645
17259
66775
49206
59167
90327
53611
19347
79458
62312
82632
86963
23611
76122
54945
70279
95321
76906
92855
57769
16783
97527
96592
21775
32861
14568
63680
266
21653
72207
8605
8603
20966
3558
46430
-5958
3134
27210
-1208
25444
12687
86113
55268
11893
88370
-2472
19914
12651
84723
42239
1416
87998
82539
98874
96825
21858
86989
8472
6291
72519
98691
94550
47140
9943
41574
41600
23916
-2732
7365
91727
24520
72902
88893
15464
42327
77482
84310
44985
15646
78486
45076
10835
70176
47101
69881
60270
90053
1314
53811
85122
77134
81769
13881
2355
-4422
18523
12626
34385
42668
61284
89689
37245
6019
37705
91568
76578
92497
8437
14111
99161
62247
56947
59372
52452
74885
48596
11748
65717
74803
236
56334
5288
85898
87111
62662
8412
53735
33743
64397
39021
9209
76190
94574
-9477
72333
-2947
54009
68866
90802
75135
92915
71335
51400
38966
33841
86003
12212
48535
96838
14294
8095
83160
78032
4877
72603
11387
37466
76343
13874
79068
31982
2159
64605
81903
50086
-6396
2984
87789
-6200
38207
15433
74642
89313
65218
48657
93573
13778
32970
58195
13646
33283
1751
91045
30167
24134
10292
11915
98241
36513
28493
70047
51007
19815
90158
96231
79539
-2652
6409
47334
54
6801
4130
9838
-431
3501
40131
52858
96210
66219
54413
21644
25938
511
88534
3673
52141
67220
65169
56489
88999
49009
43266
7613
25580
49062
51598
-2300
35647
95740
54059
-4103
21937
-4214
-5581
91912
93780
53066
68080
89750
-7788
-5253
99865
26178
21161
78612
37893
90977
29409
49850
-8306
64113
63430
60686
29194
31092
10252
95031
80218
17442
68016
67448
62121
31929
21454
-6323
55559
22379
88672
53861
-6242
75592
53675
37640
69857
4010
97057
84926
32554
12212
-5598
65691
83938
19587
60848
225
44482
43882
-4112
69503
-6832
-7140
45851
37500
56276
94963
42524
66715
44579
22914
35765
97043
1939
21670
66806
49855
36742
78347
50733
71561
285
24426
31843
-3642
53753
54002
-1846
79576
1035
6225
45008
73255
93331
89436
32818
-1234
24649
76221
-4090
59426
66896
83898
13545
5079
37125
58206
26348
58036
86208
49576
83962
45686
29438
67534
73567
-612
70785
91084
1573
3465
33361
27629
62771
-4761
64227
99978
36555
66889
69718
26837
28153
22329
48835
83376
6415
29560
3594
64545
22414
49033
44468
1215
51156
73170
27712
93109
16427
74816
65029
77996
67907
-6546
76530
96813
22931
66176
50218
57691
86814
26459
10932
63926
-8044
-802
63168
70445
40944
-5495
17257
42073
81459
32958
1972
-8430
410
71350
9271
2610
89936
62290
26556
67029
22290
23153
85766
60358
88463
28041
49918
19464
64834
50470
53924
35922
89868
78199
79416
94742
99088
24244
60288
28908
51372
80016
54657
-9821
47666
70585
76345
80980
56437
59577
44841
40306
54255
91348
66636
87416
1586
21701
65704
-5356
23756
65648
75530
37126
48854
91807
4976
-2556
13007
-8086
86965
67476
78975
41375
-7859
72942
25221
38001
73153
35678
96530
17974
44754
52028
32024
68844
33766
79268
-3471
53157
-1255
-9880
35477
30351
93936
4457
57337
-3498
64097
-9295
62468
84519
13979
82489
5658
56763
29622
37623
6154
38603
74559
72995
76719
22660
2468
36756
46264
45134
-6741
6834
68474
83262
92466
50591
3639
1498
9271
-4456
39983
35399
83851
81862
38871
39379
78544
66712
13194
1312
72744
52263
17886
47850
47208
94397
17615
58758
31650
-598
-8553
54159
36933
98216
95
51597
92044
29478
60867
65444
65752
46987
25549
83734
24574
46390
28872
89466
64694
68485
67080
66712
13503
58050
61685
-2861
53445
36426
84142
51895
55805
65773
532
15960
-8077
48607
89600
-6364
2403
77893
44915
427
4905
20794
84226
94861
-3537
22439
55580
44562
47031
94147
39488
46563
36732
-6737
80429
25581
62395
48414
41661
20186
842
18049
72508
33436
90824
-1459
67718
67493
66019
12288
44841
46381
-7399
89446
52672
78719
16391
70804
30712
80467
38385
-7884
-1049
5653
99
56219
96833
-2846
43533
46496
37726
77388
87075
52359
31676
50281
62350
96646
24170
8180
27991
7711
21043
57586
94786
74637
36699
21450
12130
3886
3211
27213
-7713
-2227
70157
98813
21089
47192
78919
59013
68179
93395
17880
91428
76613
40492
22458
53102
6575
50069
33611
72580
57718
42457
43864
89381
67718
79743
21870
48110
82027
81894
70258
49129
831
17880
16930
-4166
98919
44406
-2155
68490
28732
27853
5914
21550
99470
72823
1975
48681
78631
-8630
73029
85550
23945
-6897
15267
25717
27057
18440
37329
10294
10432
-6463
68020
7850
71184
63400
78999
96284
94411
82920
51216
20637
-2511
55060
99922
68097
-1301
56119
68232
32145
-7020
153
16096
45943
7110
12874
35093
28136
84566
136
14117
14669
-3892
66694
87970
11206
25998
88717
87889
95228
25320
76451
14461
50770
17201
62754
30118
69037
57757
81305
60748
46748
221
92805
79380
51378
13028
60676
8545
28837
95151
46795
56904
86605
47213
15966
69710
47309
23064
58994
30205
65816
17975
38601
9420
36209
42508
64417
95354
-2311
-7558
51528
64845
18576
48851
40930
43401
45234
-3370
30629
34628
41522
61762
93937
43363
85737
3363
94873
10871
84907
3184
97455
47080
54040
78859
88332
18367
33943
83330
94753
26818
99523
-6591
32416
64639
34401
41575
4235
30556
94844
35614
-7745
94124
53155
58120
37917
17756
82897
29477
28470
6547
77142
34627
45887
28428
70505
40676
35315
98605
48370
5277
74045
90435
75473
27876
38041
58051
19467
8666
23299
7276
43498
65352
93736
1008
60223
85256
2583
28643
2580
28949
84446
94478
79882
44752
-2995
85603
94852
76859
62328
88374
-7380
39286
68864
-2026
14985
99535
26614
47592
12086
-9223
97067
29620
74263
5339
81886
52409
85609
3364
76736
31771
59868
66597
20272
44396
22295
68633
57792
27940
31587
39951
36119
28842
82068
46677
47350
56803
76176
50553
62554
80203
79876
-9274
96274
-6356
76464
81652
85926
74110
23108
2767
96439
49426
91855
42041
32986
4215
43536
48341
44271
56141
36923
65739
-1065
48069
36767
-3731
7167
9081
2809
19870
85900
83774
-9603
62533
33482
23079
62129
32847
4418
8753
98985
21315
68054
33563
-2895
10138
12542
37889
94678
66649
86514
-4723
89866
50433
48921
47788
19195
27782
98169
69335
39905
87500
-335
36405
91989
59994
73038
91667
58731
32264
47935
71817
-5344
1032
-4687
98866
14376
98888
51681
64208
39338
67199
70089
3180
96283
85695
90840
86265
83047
98939
59117
78492
73770
2906
76836
-5683
-8476
50240
56392
37641
56778
47077
26614
76556
9686
88676
10263
75302
77889
79824
61654
51798
98193
50510
22025
89767
28004
52022
55163
79833
48666
64614
92493
78
62998
35660
25295
-7105
56071
30958
41853
42798
19877
13811
59238
80656
-8297
-2461
-1191
62449
25250
27231
87389
22961
37291
51672
85476
-757
25749
46004
41435
97811
23019
78886
27240
56483
97353
88101
97899
43556
33941
44929
96830
31572
53690
29623
80761
56141
69307
18460
11347
99687
87577
71136
18139
27372
58029
63515
64188
30634
29179
32772
65458
-1454
-2762
48375
-5014
92149
5586
45040
23234
37667
434
38710
63469
73295
-3267
77395
17464
45475
-7379
16706
34929
77442
53572
-2191
71366
18863
92315
-818
-3910
94030
-7808
52096
18132
97712
35388
9195
28886
87806
-8818
38092
-3166
1081
23940
80555
37026
86709
63358
71636
75496
-205
92334
63562
13993
87725
74642
37699
25699
97150
59015
30313
87009
76890
29689
77666
42887
80082
87361
72117
41689
-2320
97605
77558
37493
3908
95621
-42
24781
42777
93173
17437
57458
-6362
1582
83655
24888
68132
1810
52525
73279
95416
60219
28424
-740
32711
20393
31696
61776
79324
34647
69659
63501
97492
-7732
42916
86932
625
10881
-1695
26859
76227
65291
38351
18283
58379
48729
96757
45044
-3628
95719
27050
17758
54926
92742
78807
70056
-2042
36751
1864
70834
38195
85779
31465
-4303
53319
67942
75977
21907
68216
55358
76839
97617
84046
4803
37743
20659
-6166
69370
51074
97653
87189
98935
96196
31791
8904
43631
57862
18109
80193
17256
62021
11545
6858
9571
9955
-7344
25175
92780
17047
63836
38681
26629
42973
-5719
2217
69179
4500
57748
78354
67099
99244
67574
92992
56143
48116
86982
76739
39669
39538
79403
46625
72743
59492
8
40518
44027
96854
77295
57587
7572
38946
10160
25179
22830
93140
93313
-9508
42267
46815
73745
54589
21863
18988
5752
9957
47039
28123
86822
47017
16261
-6996
93631
32086
75396
14207
55661
95065
89557
4640
-3584
73321
77463
494
63693
65649
64063
72163
62640
82751
95165
5724
14146
-115
12187
26785
52398
22749
6861
3546
40196
59251
18738
32091
92079
-7302
59789
2800
39206
18478
91495
32658
31363
58036
52650
-9529
64225
-6638
28724
63947
70586
71890
80497
-2528
9276
2509
79306
43463
-8619
67748
-241
11799
-4816
59530
-9822
20627
45030
2588
40250
20621
62589
57612
35185
15023
91874
39101
10244
-3236
33123
-6947
87729
53337
42798
21239
50874
3221
58215
34819
78920
88757
15573
72791
95483
66777
85152
46426
97270
38433
24388
51203
45515
54510
15443
34280
71605
3550
84589
78612
22454
70683
99749
7339
80978
71959
6496
61735
38874
17270
4958
86922
89340
72177
14679
298
34107
68248
5369
77642
96417
45134
3949
28994
40500
87323
26033
11009
17831
76920
6964
82801
68832
58026
76340
82129
79352
32851
59770
80281
87248
2582
12654
91028
12518
22500
81101
98002
20947
2956
59012
98807
1607
16114
77360
7935
487
52352
42539
21556
39385
44385
32854
63123
58416
42689
95237
27798
50080
-7206
56872
20292
6980
32983
49620
16548
63019
57148
10499
80012
97568
91524
13864
-3562
15066
-6120
51404
37742
-992
39940
94271
1786
-9615
73664
59389
-5029
33993
90410
828
95114
95594
5437
67388
98148
-9742
76338
61861
81316
-5912
46592
31038
971
47079
93938
71891
46808
85923
73470
2580
-7353
53724
78330
29399
28184
41847
30162
24403
21965
-1740
18514
54833
7725
55353
24998
35100
35906
10568
50017
66033
94866
15596
81833
76338
78711
20179
1584
-6363
98203
90582
4599
20530
16085
48358
386
68085
46475
63640
99542
69808
95243
23070
86356
9439
92840
-9910
-3385
85341
-1087
2085
71525
13734
57349
64263
82277
23796
87985
78082
80719
17491
77652
38893
31301
50617
74378
22210
6269
84896
89813
26228
80457
-146
60736
21163
-4616
1938
-131
52583
58483
88516
24821
90225
92373
27459
57647
-9027
88954
19969
7897
27034
66760
-1488
79646
84204
11932
97282
33964
39427
-4668
-6451
54902
75308
85243
83902
56626
297
-8304
94343
-963
86845
17170
69087
6315
41794
-9056
27205
86023
50898
3649
31813
99603
41664
5637
64159
36509
25272
12616
-3889
46015
81470
43603
77897
77014
12462
69767
90652
-193
41959
60112
16336
36486
37885
16117
27577
37945
99432
-9599
47700
60090
35608
30796
27320
72059
62681
20158
82358
40123
88573
81508
68852
70942
99561
88176
76610
68623
78181
68501
9041
76383
49802
88700
60494
-3394
49877
40859
14382
34823
5345
78456
14923
92920
36669
54415
97745
93190
45853
63482
13342
13198
45017
98607
99133
87322
-9974
34267
39153
99561
16443
61226
1664
73891
14396
12168
21853
-7264
49698
96742
7300
89096
21674
29889
17974
8740
85373
60385
87276
4050
43683
49186
-3110
3478
75710
19620
53041
34160
58620
44178
13876
97024
79454
92564
45588
48095
44297
96527
92020
26325
84306
42570
91792
71043
34858
73141
29331
71593
33766
37890
73941
62533
24150
-9832
84407
49421
-1272
94473
26325
59467
13000
65624
18970
86636
44047
85172
76009
94055
68106
57201
57598
55255
89020
93429
15883
95975
59308
69109
35507
21937
59815
73580
9270
33773
92902
-7566
95671
28410
45131
54500
75252
54037
-6736
-7421
70205
48794
19909
11330
32011
6630
-3200
41136
37191
51939
71243
67165
31052
1904
77724
30134
60806
23944
90155
54303
28100
68242
68122
92503
40431
49717
46408
-9633
-7671
82558
72991
16562
69976
64041
78831
10351
14385
8650
3741
89434
17091
82199
84525
96085
58700
31903
45890
76722
18819
41617
41840
75605
-78
62974
14861
-2262
23747
74271
18043
38401
30688
97348
2761
21520
40123
42384
40590
64475
55818
37152
55466
-2475
60621
33344
51697
95087
66089
46536
89724
60728
57362
29147
2800
11467
28557
59620
-5490
53401
69909
32060
21409
61985
85781
65929
12221
23778
83432
57778
-7803
64623
238
32053
74444
49901
44905
-3523
5837
-6691
27537
72600
71680
4705
83471
77381
36273
74503
94001
24894
55747
12394
34254
-8892
76110
1394
3175
59502
47342
91504
89616
10350
-3259
52663
-2797
4694
97788
71101
69693
18196
90171
76437
72219
68585
54560
41332
73428
34117
62823
61841
66886
58302
92319
21853
1829
84491
-2392
50490
79350
-4049
39902
73920
6175
49545
44317
97621
48186
10735
28093
75001
45585
36626
92033
96980
-3690
74035
12082
2527
86395
55988
23187
27045
49889
58718
61304
6759
19917
73242
66597
45702
93576
53787
49165
86131
84362
70980
86954
99165
93107
30719
79225
38457
43532
14256
69265
11874
60861
17484
55314
31520
80260
56165
8090
29609
-977
59130
19343
87439
69078
41315
82337
23440
16553
77287
31939
93720
37456
52878
116
82081
36621
85802
39847
30198
8738
82765
29481
73221
19010
-3841
90238
43722
3038
51136
53181
-1014
75791
72114
28253
38911
62819
67047
68556
47013
36241
15481
40487
96540
7578
85531
48519
91191
58168
66496
91915
16470
-6719
20240
2188
8141
82141
58458
86971
50577
29497
16261
1310
58215
52468
93414
42854
45454
36165
38014
45041
87526
51237
17729
97144
85919
97287
72251
55767
4588
94155
53479
24439
49217
37504
29657
77954
66675
77910
37631
6131
34662
59131
64436
1480
18413
60689
79081
15535
54752
57628
1405
545
84827
94424
-9146
6199
17752
41277
68302
92276
-4635
10120
49705
49505
64320
149
55152
93235
81180
20338
-1812
30982
70362
40494
45298
13992
96887
-1102
76902
40408
8639
36306
30878
88905
55909
55912
55491
82225
98715
64663
78111
27120
51675
45569
90398
35763
34436
77142
2946
32294
-7440
12159
49928
18938
58968
-4275
66584
2177
5455
19130
33317
39547
-3665
73317
74098
26036
6232
83811
10581
20986
-329
-4717
65629
21699
61877
76934
11916
-9637
75965
40171
34497
50508
37414
15416
23372
13889
89216
63639
17339
98325
34380
8056
12352
93828
26292
2911
-7417
23394
64511
17847
8825
17889
93969
7049
57782
66541
-748
47923
10194
70668
69736
54423
87118
88501
30862
60475
66336
45452
42441
98756
75122
87727
98824
62275
34475
41032
91057
28621
82128
36619
54352
11438
84403
20986
51991
36543
60650
34042
-6469
94308
-2754
3974
46611
78066
85046
65609
93221
82682
-9640
50630
28255
46073
89630
98328
76505
6742
91078
42432
91340
99845
84793
67815
63040
59287
83478
10658
60297
1629
25120
78392
-506
91221
75737
51344
55527
81753
-2757
92940
94592
21896
67629
97124
-617
86763
60108
69169
33226
9922
60052
83934
82459
21046
42887
50789
30287
23632
11230
98480
31097
82957
68888
13131
34581
44931
18639
99945
55106
97081
86268
10545
69316
-9757
49020
8362
42562
13640
39526
35752
45940
62593
2521
42268
19449
95456
75671
85077
88752
40934
-9057
35564
41470
9285
52447
23322
36112
1064
30737
89655
7350
82215
47181
-6717
77128
43174
66247
57825
45680
76651
11286
30207
95761
1343
34876
13759
24486
28233
24927
27400
40359
83983
27974
43698
66956
25306
82470
39470
12788
-343
88413
87993
60757
1300
78628
91953
63277
41294
54352
61303
45391
90328
80759
-556
24349
-4927
23704
18004
21892
55719
34876
79069
90849
94429
91520
45303
41133
26843
30290
-5990
22202
-6067
-5569
84003
79681
35434
73125
61887
44319
33929
10631
55459
63197
89528
97324
97118
69375
93566
68576
75500
35150
4813
4795
73056
22522
86916
19131
81469
6953
66473
78735
42918
71267
2488
22993
23560
59024
557
14183
25172
90239
54572
31701
3838
32766
50897
90442
-8310
93808
98989
54742
49063
79613
88087
51167
62423
26826
23488
6453
17893
8079
96607
94584
42849
93575
84263
5172
26798
49436
95145
75723
60738
95273
9640
89148
92581
37916
96729
73767
46170
97314
59488
3267
59692
34481
77523
79239
9828
36975
9362
-581
43898
1982
90090
83739
83168
4828
55857
-1628
26547
53430
19779
-784
63138
-9847
97226
61896
-7356
26054
34167
12921
77855
98571
24745
-9284
4686
74239
-8690
80774
-2141
25456
8726
34306
-3326
74830
64231
37602
-6597
49193
50293
95406
23027
19594
12280
14682
61751
28220
18477
80450
68224
63623
35350
65818
57006
74724
52660
28830
60132
13368
55555
72265
72581
46444
44472
1496
18616
12761
88325
-9949
60570
17421
65365
-2333
51437
-2375
-8007
89745
23234
78646
52126
70533
51633
46156
74117
46997
81030
37157
4407
38896
52925
18662
74668
87396
9539
96845
14687
26153
50345
-8948
65554
967
23035
39111
11414
8068
94710
56232
5689
89718
2950
79226
31284
17104
28709
31615
62995
87798
66563
62256
48885
-7479
27117
26642
3599
32523
54127
29684
45062
30813
93623
33842
84829
22926
44638
38572
95977
59573
998
19312
75732
49366
22442
-3649
-5105
37353
-9382
36537
46179
23946
88349
85339
-7822
31080
85445
56238
74133
38210
69858
45138
55818
8609
99004
14611
-123
91642
3421
20135
30518
32559
83920
-8286
82484
46800
10311
89324
57782
14379
5017
12492
28786
39402
-3851
88382
28338
82437
59460
51790
73210
-2880
4999
94322
84942
21239
53796
33745
72596
26336
4162
35044
51424
10217
78004
90462
80792
3399
54922
2277
69765
24309
28095
39376
-1435
-9132
89650
19789
84661
13437
89392
43291
63533
-9845
82395
54981
12372
73093
91310
40324
33276
19097
42058
17329
31627
84788
4083
86638
72842
89471
48656
4685
32618
28426
11208
75777
35077
7701
40470
82438
39744
70352
12794
82657
54826
66030
27079
12316
90443
16536
12895
28490
13944
40702
36327
74164
25603
83775
39899
75291
33047
35603
86898
-5410
84478
47070
37289
72828
96561
86889
90811
54688
-6542
26167
39946
48705
95801
9699
66937
527
13673
84544
88728
49399
75947
93098
74977
38781
72693
17978
49157
6573
-2916
46293
95914
43953
16488
81042
92333
98280
80308
78761
76863
38721
4521
62576
24924
91961
-3645
20644
54680
23964
38635
1410
1537
36056
5286
48005
44431
60916
66275
2565
-8861
74065
8042
5897
89582
5639
-77
95069
26321
53472
37718
82750
94538
52098
-2939
57596
21501
-6002
-4878
62969
26513
2665
-3111
26230
43737
46116
94359
48087
39616
-1713
50357
71201
92757
4774
48741
83097
68815
28141
-8377
31425
-8739
44491
75563
50049
20446
8514
9705
57294
30806
62810
57922
28605
32741
96367
29843
34925
60454
12838
70923
42411
16619
27192
73081
24411
88966
75630
-7506
6093
71989
54029
40078
97612
59648
58199
44978
44199
93765
58334
36736
34053
8345
52821
48422
-6170
38091
43019
37463
24426
35191
98002
43689
-2873
14594
6537
3124
-3713
84398
14550
-5906
73316
99683
69191
37925
39039
88031
75255
41931
3898
32857
36346
31342
45089
28685
55714
95911
83561
73478
37118
96641
12587
29951
24798
31736
61392
35057
90020
21254
92280
62952
-4350
33256
80675
96529
25636
12283
18166
24167
89844
81173
98115
20023
28745
43140
6164
23935
5124
36690
65962
32859
16507
51549
27201
5246
51537
87571
22086
90591
-1020
44525
48409
23950
30179
31685
21571
36477
23250
97650
55639
8066
81474
87338
63580
7693
82210
97132
84838
38581
32674
91234
61826
5314
70695
28273
6754
50536
83961
-2046
38759
7241
-4841
29841
13896
33531
14841
15780
52652
35471
92419
27478
61466
88409
4178
41226
1979
96560
14793
81762
85082
5899
-8909
6962
95113
60023
89702
-8666
-1639
56257
8910
65794
41532
93518
81383
-5380
29785
27622
81178
93400
52575
23213
19613
82110
-2015
-856
40252
92944
95073
-977
82692
69509
-6880
9188
4917
-4767
1112
10021
36873
81844
40604
72123
-321
28391
72146
68322
6627
71258
26819
98617
94664
66809
-9713
34430
25845
-5091
52274
98663
89688
44266
90534
5783
21842
-2669
25189
60443
35998
91142
34382
26526
40330
73130
43273
85029
82287
81445
59332
97564
35973
9015
27431
5020
70570
87353
40001
8048
63181
49818
44851
25333
-773
26517
20730
7032
82906
52298
-1025
38208
10537
67248
41126
90191
2028
23756
18454
4610
16342
83686
38808
36937
80466
-7651
-5383
39532
98223
4675
95941
48633
94314
41216
38227
9416
94610
84768
20916
93953
2922
88692
55909
65657
53860
52774
99154
43353
73508
57058
35242
89367
75129
28344
60280
56197
24340
92131
75137
6187
27996
23504
35809
36588
33314
64277
77815
70113
6129
91861
84552
55837
-1183
11748
-1499
74569
1083
36993
88964
59760
20280
75389
62287
36883
32310
35300
2770
70655
48812
91531
61238
50432
45033
59969
-2587
93335
85901
30289
2382
73252
9474
21832
49047
87505
44144
-4580
23425
56944
34950
80480
94864
33559
57146
18387
-5978
55571
63406
56077
86957
32421
74020
33960
-1009
76689
12454
15737
5697
82226
54247
61850
90325
27182
87612
10181
53980
89246
-5485
50277
-7900
85032
39452
34053
96448
51867
56988
91665
39138
49465
-9070
13244
30538
33447
29064
64584
42428
55249
86094
94725
42889
32380
83655
-665
92062
67886
85744
56107
998
88275
63211
4882
20238
79299
88093
8953
-951
2519
48543
48243
49241
14366
33242
60148
56537
66225
19907
9928
86149
25958
89038
62731
46249
86456
9261
27274
73861
38305
67110
13107
23777
24097
58047
19791
98359
45650
-1587
37689
78115
58944
65363
-5372
11639
-8442
27830
12729
56377
49234
42330
3569
57350
34986
89569
67850
69190
31316
49317
57192
84835
30018
55301
62570
12464
49245
92260
5648
-7327
21308
62261
5353
66706
43612
14408
41319
62386
28109
-9561
39277
38225
41973
69287
82563
67002
77370
48687
-143
53884
51801
4555
87815
33753
19275
63275
83728
68405
29276
78987
89561
5213
-173
47522
56830
-7526
89443
57805
91303
10093
97004
18559
63348
41202
204
69839
70352
23764
43389
73624
64632
30946
32622
-2106
62978
3846
67691
62078
9691
84900
98310
87316
25834
64871
4582
83548
67097
-2706
58016
41391
1185
48546
18734
60635
86964
-1960
38789
6348
19849
-7580
8624
91787
58542
94244
62859
54754
72974
35715
99081
11577
42130
24775
39701
5077
76659
80743
59014
80626
97544
49846
87060
-1708
-1280
2001
21889
5927
75501
-3130
34650
21431
8862
30322
35507
83537
56414
15131
32269
97750
28365
20633
23431
78911
11953
68300
47428
3191
42187
70147
85310
71116
56363
69315
48307
95665
62248
84038
-6068
44648
27415
19547
97250
11633
50153
547
77369
24306
33899
80938
65800
10926
38269
11847
47275
60821
74529
6129
48669
17788
60894
26449
91373
58125
-7153
22020
82231
38806
54435
92237
58497
73953
3901
81676
62454
48679
99150
58547
51012
78252
44995
97331
46491
67104
16335
56182
30698
54385
21791
44017
32255
33318
9087
98094
8770
41000
-8173
82471
15875
48977
85144
86570
87648
91762
46956
77278
2058
94400
2073
38382
36442
38908
88639
51948
42023
34818
30342
3128
25099
97211
98386
85431
70500
-7348
66317
6866
19808
-4956
21906
13066
90032
-613
19473
23741
3258
64114
27902
56709
87561
45874
93277
53535
87102
16620
50413
-8684
-8523
34999
79950
91201
99590
63246
60174
45291
12231
54029
33914
22648
-2445
48250
74728
64740
-112
-9887
-5457
45371
60749
2825
9112
33191
37981
5957
-3539
53456
59888
97721
72129
6358
74241
54145
3381
-8989
96517
2024
44026
63457
31978
89738
73558
95030
89446
27847
66445
88538
97783
86395
92376
-6637
61864
18414
48941
97849
88855
97817
-9251
65963
26787
74028
65454
-1213
17346
35960
32909
52110
66944
89360
67931
54249
-6397
97113
36093
48783
1318
36865
69182
79573
48257
4964
-450
70760
14804
25440
34898
53549
59350
8013
66495
87340
77339
94399
89892
73285
1867
42081
-1469
68103
-2205
61148
83381
-8996
16896
7409
79706
43440
5477
63880
39360
2652
48810
89971
91509
55888
91111
2202
72147
26108
7973
73681
95677
61296
8665
55952
27011
56176
73926
80465
18950
66460
33383
-7581
62496
87512
59047
41373
80779
4190
57857
75880
21083
88837
80058
50550
94312
33666
77354
18566
75928
88217
54412
32109
-4254
69079
15026
7469
69640
57742
9408
69236
61734
83216
38950
89970
97297
21719
42598
67458
-7876
8518
34442
42922
93363
76750
58512
75156
74798
67588
26330
59021
73219
44071
-9929
21227
82078
16358
81854
65222
64008
55401
45338
42058
50590
80618
95089
97642
9467
-2834
19687
44991
48203
-7866
34705
25868
97289
89871
27543
88693
76548
79620
29852
53829
43545
31714
90298
90605
4638
86806
30429
27649
64937
98980
85948
84525
82569
26497
5106
2738
1036
67409
79740
-7555
25122
79057
48269
-2294
30789
97941
34635
27217
38885
64990
82033
57548
69698
38378
30908
75921
2131
-7013
93736
70871
29298
-5025
65737
46192
9094
63976
97410
14000
26285
-9200
-7581
18122
96113
89183
30983
-8552
23551
8086
-7632
40793
2266
55995
41556
32188
33682
19918
53341
73373
99915
59506
17770
33598
16257
98437
96144
4035
3005
75535
90726
90582
1986
59229
40451
-7768
49306
35007
57201
18398
47893
37743
55466
32739
72484
85793
78080
86112
11526
92189
94383
27841
48982
16889
48579
-8176
63003
11042
7267
37511
68062
63145
20489
69000
14176
68601
9411
71205
5291
58537
47501
65205
94510
92975
22562
90675
44617
92497
2887
33473
83628
33169
36918
-3646
83562
54155
53372
-5555
93400
19005
44454
81833
92217
32984
61552
33875
94702
31982
87133
47320
33141
80880
-7570
65566
62559
56179
44062
52876
10931
76491
92321
75556
12663
58606
6213
78019
28816
-776
10130
4065
28445
30656
18120
45343
15232
38797
81795
22413
-9010
31824
71265
49932
1474
79916
41081
52482
55858
28754
35399
10601
32366
74994
38762
25853
91794
49770
94656
99881
2340
16358
4523
45497
34449
44648
6386
60615
52624
37587
61957
48841
96873
73793
55896
93856
9432
38315
50157
76064
3616
58362
88353
18372
97803
33948
90712
-7322
17311
98769
30073
39658
98831
33007
4688
9870
83705
78330
20123
36456
69110
3170
46327
147
79031
56607
94177
48083
-1148
-4580
49439
42239
5650
96746
60619
50819
88571
36284
17917
38563
31502
18298
13422
9333
36332
20703
41466
93662
12168
45286
12288
47840
15418
-7650
29393
16931
54057
32883
1636
-4708
77778
-1374
37198
90125
64566
33381
41168
36585
71934
97606
74189
53135
83242
50177
82343
69093
34106
57265
53532
94445
21718
-4766
31291
8251
55718
85084
81539
61995
14087
-6838
38166
22937
29627
7262
31028
16359
-8581
14933
28542
19357
36136
89829
39728
-7669
65817
95883
46159
56015
37443
40639
2676
59261
74138
-3838
-4785
-4817
964
8521
71859
24904
39170
22856
87651
36673
75760
48324
74124
-3327
62155
38451
14956
37649
77877
71586
97421
42959
93331
17943
1070
28231
96148
47518
46006
51486
43612
54229
86861
29543
15740
28613
48747
69441
9195
81306
45187
65317
71152
14687
2101
82112
97701
-2050
19508
95387
77769
19722
37777
57324
93181
29649
60856
50481
2669
45862
27156
3678
89818
47885
73054
2655
-2532
49739
82269
31465
70445
-410
80511
19303
31015
27418
29518
28483
95066
31611
49022
39777
61710
72647
2924
44537
54301
-3575
29422
40648
58984
61550
75366
18591
14962
4402
33427
40894
93224
61597
81295
60402
17395
42699
-2225
76055
97487
69066
53196
33956
79844
18142
50798
36454
81600
78554
22194
85368
41189
80729
55723
11379
77884
-3496
2645
97178
69371
15921
28756
89053
34625
60500
19166
23237
40961
83005
37358
4831
49653
97629
52327
70311
33980
23747
72081
84510
59113
98291
93533
19080
78605
44456
10354
60548
28189
65851
83841
59616
84589
95502
2743
92572
18582
10848
66834
27459
83476
12882
73012
86039
-3876
49651
-3885
98513
8168
34699
-9727
78933
-7027
-9299
79793
21192
2922
73645
26757
46916
50335
88658
-3023
14267
71233
82858
38764
64566
3610
13270
51108
-3338
17270
55402
46241
66226
76121
-5810
16623
60920
59056
17515
23690
-4736
33003
17883
-4937
90947
83217
44914
85291
74315
91527
7793
86198
7006
98358
50331
44041
54962
11670
81942
28452
33447
832
-3539
54348
-6230
74159
-4689
54150
47287
66417
29333
26963
53767
3866
44924
24204
-5562
38787
17667
17733
39955
76811
3486
12061
54334
54831
83673
66071
36416
40646
10809
40215
86658
762
94054
47196
9052
95720
62642
26544
67394
1710
32667
52054
50152
79882
1900
59506
20308
8725
70271
55469
63422
35612
52133
31268
32403
-6974
73811
33173
41677
84614
95775
38590
-7745
26852
92475
93552
79062
68713
34252
55490
71616
-3407
15043
95099
-652
61359
68392
-721
45803
17158
275
29371
38287
73119
82822
27514
-1746
40648
56346
14790
52905
84509
72341
13585
11628
56947
64933
39805
58641
18050
86415
56651
28741
51826
61415
98333
17061
21517
-6909
71693
72928
98644
45210
66477
6552
38269
14116
75015
36048
89872
85068
92896
-641
24173
66391
56146
20389
32108
67028
40950
58993
3354
35331
12476
47906
-6357
82705
15584
-6980
25873
22443
59433
53514
19363
47137
55456
72836
54237
29516
84479
97637
10736
63289
74965
2592
42035
82439
53859
51586
30266
98543
1818
5838
82711
-9284
23518
23579
86433
88197
16122
55182
91994
83127
19321
3694
91037
84146
12338
18271
3686
55153
30906
88644
52328
332
59971
98715
64852
63255
15579
43940
99179
-8390
20810
58661
24279
21318
64622
16573
10124
16393
20391
-2592
79562
28698
65216
45589
13684
68083
-5629
6351
50687
28577
71765
48092
72754
36414
37122
70149
42892
-5299
15557
33977
78885
82622
98980
25633
45615
70752
7221
92978
12267
55977
35874
-1484
45166
966
56585
79295
64402
45786
78457
96694
64607
61622
94587
93383
-3619
70160
8746
23672
4708
88932
54979
76424
9039
67890
18118
12514
61589
90138
34949
99307
47023
63594
70790
75472
6909
62579
91810
-2466
26542
42271
14989
59523
81587
23475
26398
67723
-6775
73892
9957
28151
86821
51929
50192
45640
63677
13832
64137
88573
89095
89772
68751
26630
81712
12097
42850
22425
-5024
-3419
54400
77348
-3342
85166
36580
547
22787
40746
6099
86326
26675
-7898
24353
64302
23418
94775
17475
81585
77825
44434
81326
79313
77803
14645
10512
9900
-7455
92224
52962
56721
47073
64492
-4468
56111
99017
60493
10150
-2430
78381
2152
95537
77576
58641
85922
52757
92453
11724
91084
26783
74724
5119
90653
73745
-4530
44110
23463
56549
80623
45698
18817
21407
91808
56469
75672
62797
40033
14703
12490
96756
69561
46118
36161
98655
51131
17925
2384
66794
74425
66578
59999
79068
-7793
-5555
56408
21118
90894
59414
76929
14532
14057
-7880
17295
36894
44718
96407
89761
1902
3954
22032
82853
30022
52449
10540
80474
8384
35596
79805
26019
8422
88977
-9579
10333
14021
31870
30806
56538
7242
56853
-7566
96710
65611
67384
83935
18341
65202
19060
86171
9851
36076
24520
67291
52232
25197
7455
78508
98910
76360
-6562
47215
82080
40906
6527
51364
43984
90840
66398
16070
79373
-6317
45982
41883
81051
4162
74948
64446
42482
30403
32962
55888
-9700
18947
72230
82010
54113
25537
77422
28218
67385
-9153
35489
18312
47393
6106
20050
37849
92566
73349
13506
48637
44019
58621
14700
20242
14002
98077
56294
48443
49284
15958
54775
88418
99077
24622
81777
37506
39616
-8948
94518
83045
67099
54336
70289
2390
83787
72956
4313
89701
31385
-546
58690
5705
74189
-9586
16964
2168
46239
4478
9861
79619
11296
53058
-1804
9049
9528
69060
9759
74026
3918
95454
66345
3473
2313
14970
82022
17935
27761
70798
96457
15209
24311
55152
-6527
96903
55906
6944
14061
76071
87675
-3751
48183
19087
29494
27675
58810
68863
38562
30555
29650
59495
83618
14442
81697
19154
7954
21065
83590
-5032
54240
-4336
-4238
97980
89630
44128
96416
32571
26753
76803
96735
59375
3410
25900
27593
57385
24860
76435
-6986
55455
94538
38290
97826
14550
40047
9835
79347
74348
18023
25117
29776
71025
40180
54520
12143
27905
44771
40639
59909
82478
36699
86846
14043
78756
30218
1501
14279
64567
58478
33517
96796
82977
77494
-737
38661
-392
21454
-4618
15296
44499
23564
59718
14914
19975
96702
27644
35277
36544
4685
-7379
11025
-9048
16773
78098
69487
50602
-5487
-7837
65735
97245
95110
18362
11411
13348
59398
30918
68088
635
88235
24181
79442
90546
50936
4215
886
30412
58285
6728
92568
47654
67059
28239
44796
65756
44740
30774
27538
46581
19970
16534
49105
77673
29094
80139
16127
90378
70750
6856
-9426
26828
23275
-4564
96435
60243
95744
84906
15501
78898
14100
96700
59279
29460
10732
25135
52176
98660
69297
91178
87687
14004
25037
94617
20030
18239
64849
10643
65951
99961
98064
92709
57467
34636
34715
84173
33555
51167
84114
45573
5192
88438
97097
-9721
20312
67983
64441
41896
318
27668
56467
71892
37172
80573
10139
78848
54882
53063
38445
80191
86954
48041
54299
54405
59884
42586
58040
37931
-9515
79988
28923
26376
69112
10010
37228
37745
39898
66438
43864
-7442
-7441
50491
19685
28799
74966
-5953
47639
44134
27623
92560
99986
6573
29325
35832
83239
81948
61568
2431
85996
75005
32407
37940
12664
99033
49356
53247
67873
24465
22805
8353
4477
18275
10918
-6420
16735
89228
70491
7378
80035
52917
34841
3643
-1896
50431
4100
-4453
47207
70623
97431
38083
58443
58707
24686
67982
55597
78546
85486
62402
55226
20088
31615
73367
94169
33761
34514
13710
48838
-6016
23290
36240
4137
58327
51807
98739
31067
94871
68872
32950
58705
44929
-9308
30840
59688
48324
13047
65679
3733
9631
59136
55559
-6755
89878
57490
24922
16001
74918
2358
15600
25360
87347
26177
22060
46872
49420
45295
64186
63070
12081
76609
3341
31312
77089
19562
-4227
70554
90343
44835
11667
-7976
36130
85194
29696
1485
14016
81064
37763
40265
43436
98379
39482
63730
63233
44426
46331
70114
10358
39012
7567
95502
32840
-4641
79733
27121
29770
89453
17013
41640
59910
75333
19639
59473
73966
63194
21245
53185
54549
58409
76144
13859
56575
55695
75635
4311
92848
86972
-2923
42966
-4589
76133
95526
79078
19384
89123
16550
48387
9311
82224
98404
84606
29448
66528
24127
-9258
59271
92748
99725
10827
20772
4686
10430
4822
79029
85361
90669
5433
-5816
96140
56930
63804
26652
66437
54449
99925
11103
60110
92976
77282
24649
8946
47365
54866
82860
24779
11281
65607
-8667
3422
27625
67313
32491
75261
88292
60621
84817
98671
31486
15147
90817
33073
2682
14934
23979
95914
44100
63977
41136
73681
62147
60975
53174
86456
76652
83587
31411
96625
-8473
17236
98708
24754
-4526
40616
29830
15442
6916
79640
28933
8891
8326
35971
29768
85815
69426
92385
24258
12008
70736
47154
95530
44229
43557
79233
25919
95304
70003
47148
93196
32771
59
53481
61923
26959
80900
24372
86783
2800
62510
-3499
5814
21627
30727
-649
12772
14518
28758
21877
9056
6264
41293
91761
32973
75501
58735
39947
-1420
73908
67783
20187
74005
62722
9889
75570
99486
23647
79961
46127
25340
-1176
44268
42991
74384
23004
73204
-9041
-1360
65609
66554
86976
96158
4063
76203
11283
22605
54468
26847
90737
71203
74759
60360
58030
1819
14921
29586
93329
99646
43783
12344
41218
23556
27088
61856
27559
41786
93740
64280
3730
43531
7405
12633
45942
35473
62219
-3171
69248
19485
84084
87679
22423
88611
69989
71102
-1266
2106
32166
-3198
95239
46946
12122
56225
27924
88160
-6033
94817
24302
89240
86348
69787
85580
41043
60412
63094
2254
96048
69560
96395
76833
48427
80157
44149
69357
3874
87066
49406
50247
4008
15610
52775
66690
56284
62447
-7289
-9162
18924
14902
37835
-9477
41406
89392
-4510
57759
94787
53000
24493
45955
61918
87689
30308
96478
40837
62283
40766
6100
33627
37134
49805
26642
67718
75761
8553
46843
90856
11345
-264
94458
-7799
88501
50556
-5041
27409
66680
15199
57029
52441
43340
44732
12508
45111
28581
26693
52014
6803
61713
68493
38516
12121
14575
4909
30346
94937
74711
31269
56563
66132
36742
53032
453
63963
83734
65595
-6686
60030
1839
93504
96112
29460
67194
78995
16455
-5436
-3528
50107
60522
54679
-9635
21813
-9555
-4674
43928
40296
54904
21048
-8782
41574
59316
49936
20635
85770
40684
36088
29201
20387
27315
6630
3682
69912
-678
17500
12436
45075
33651
38880
96446
-1973
-3682
34408
18896
20224
33169
99237
30648
-2036
58384
46605
10608
74906
88077
33432
61865
-9375
88530
87252
46608
56914
-2369
43653
75662
80814
86872
44697
69333
71733
-6030
37413
52899
73122
40348
10252
1930
40572
72408
57628
95345
34746
56704
64760
-3833
14942
72070
32886
30688
56190
16134
29430
69891
37402
-8626
23977
14404
-333
87949
38124
83752
29573
12562
67438
51028
92882
38142
6751
16453
87411
16186
33189
64995
33383
39440
26640
82847
87274
2285
16703
16643
37560
66977
64818
40342
82602
20030
97578
27898
47175
62596
78108
-5807
23884
98981
23224
9316
17250
93619
2621
75980
51554
46735
98747
70482
85680
20131
25147
88315
81500
61825
34347
65158
81995
95230
70942
81415
-4640
81
76022
7372
4271
28356
70044
50085
73693
31750
96695
71147
-9383
80081
12136
60685
72882
3165
62672
19091
37921
61409
56492
89843
35117
87183
-3112
1365
59960
74102
80751
93327
52662
39017
55362
49881
29326
49057
79072
22010
94836
49598
10684
44314
-8274
4602
-4841
14367
25313
2178
66830
12228
5750
65557
49827
42701
6179
55838
70442
56638
96904
71297
39636
65841
-5246
99917
23950
54747
31204
25840
42434
89268
13077
-1727
48848
87742
-7110
34006
38107
58359
23750
76994
-6864
39321
43230
46238
52442
83260
98054
7547
83676
-2165
75473
80276
59195
85928
-1568
795
45979
45067
81347
3935
46216
95225
31794
20207
23522
85605
69230
22691
93954
83719
11433
56729
48163
27164
74985
88132
71081
41125
30735
-1516
81383
80263
99757
80951
64057
44094
23603
17739
56029
19947
-4633
61204
36239
62313
5757
47083
69632
5205
95935
-3731
74789
-4324
99997
27558
70130
87380
2866
-8276
93893
33860
7225
50463
63584
48960
4417
13794
57014
31848
-8287
87571
28595
92420
19227
85001
39259
71826
20154
8944
80759
95962
39443
47148
82037
-8990
32459
16531
97587
17835
78629
16767
24527
30444
42654
26127
46251
51166
80372
85344
82912
92316
43430
35131
63517
7248
45
-7752
98222
67003
24923
92335
49068
15243
61110
16454
68663
64190
-8647
46948
65764
34485
39598
39412
87661
97293
-891
8671
6095
89489
16258
78218
73534
5875
92007
-3696
71085
74892
51986
-4096
40650
-4783
91789
85943
28596
87023
25921
-8227
68758
32759
41926
28031
57673
85280
84193
1006
84233
76224
33108
39959
25860
45530
89484
71307
44329
28574
31032
91294
81356
19868
94217
46329
16802
55732
16459
72775
57758
19697
30356
4137
15223
67550
29764
51318
13862
37239
59953
19216
80432
85728
-679
38960
55578
59604
50837
44591
6024
61876
50328
72921
73866
34659
32166
73787
65239
46440
58601
-9320
9100
59693
76068
27348
89594
22997
91820
83802
52245
84901
93761
42660
66640
46963
5741
11619
57106
-2237
86176
46560
27410
-9255
-7839
54231
1844
46449
63287
32406
51373
81543
8175
1923
66410
65030
81125
56408
55028
83510
31778
4292
38454
66746
30263
999
51178
86208
73991
27300
80878
19820
-2160
27779
48479
95048
58091
46943
28357
20886
52200
87215
93558
56273
36158
20265
64121
51956
31461
44049
-3500
47820
65533
73525
47811
45185
82662
52631
53415
31609
37700
22511
18838
33572
63799
25940
39014
8596
4643
73622
-322
56334
3694
-7655
83655
96371
75427
77302
17484
90118
88108
45390
11911
36209
-2449
67579
24686
61594
98998
-8145
69155
75063
98068
75690
82252
57902
52386
-4631
-4898
79194
36566
18552
57505
89199
86439
91841
19325
26889
74867
27999
67613
49673
49930
73260
82922
86084
6391
64878
52559
37735
60406
41453
69505
58049
14890
74784
5216
43897
21170
-5473
97828
4465
64155
65446
72003
41326
95715
55959
52295
81362
45056
38464
98387
66994
25932
59306
17222
-6399
49697
-3617
7302
-380
99109
-3115
6806
21732
-8737
11686
45934
11063
44760
45760
46329
37638
66925
81259
20846
57746
85859
56139
68517
63014
24631
95557
-6272
63727
93108
-4244
-3487
39213
16409
82175
4758
16046
66747
89569
-348
72602
62453
13093
92347
94657
34741
20241
65765
-1223
74256
15082
-4282
51776
2295
40609
99029
70434
-2155
2027
99141
39256
9051
86269
6501
28472
93991
93928
87068
92855
97340
95636
36378
47413
80800
92797
43592
83514
12272
57876
58270
61153
-442
57101
73584
34034
83410
96161
-9654
-8102
79175
95034
89724
57544
63385
-6666
71774
30495
99836
83006
43257
6320
3193
22722
41037
43365
38936
72358
37281
52185
22076
97912
47967
99701
41226
11548
10050
25835
88068
34859
40729
547
80417
33469
30509
7684
18557
68996
85578
51668
16344
10448
81162
92695
22182
14193
47673
33895
87581
45086
-1054
87086
-3786
29616
24464
74372
-3824
1437
99883
32534
85354
95538
-8901
68930
1723
76734
47888
73823
23580
30928
27416
75342
4610
1554
69288
80764
65927
98928
88827
88251
13547
33006
28637
-2251
35710
11555
-9495
2833
69164
39116
-8075
8835
76161
92784
34008
18836
50633
8322
28433
24604
78898
36258
-9885
87295
46647
88455
12161
60533
40115
51670
99797
18056
15994
66141
15721
93444
86306
8908
17990
66568
859
17662
9472
15519
59977
-5286
87233
-5822
12021
88849
79696
-1697
46507
33412
66111
48351
14937
98823
8659
94057
73198
94649
71461
55394
81131
97163
9647
2400
9465
19996
27134
70585
45661
15076
72985
91454
24659
13854
34033
21734
40988
3793
52620
-7707
92849
80242
53428
-8460
82198
30358
47723
9071
51815
38979
71335
90011
-8491
60721
40446
87540
76163
81168
99953
61882
35535
44683
10110
58414
36523
-8745
12845
12327
54815
52869
14696
98932
93093
18197
24476
51906
50465
81656
-3195
70756
44809
16998
89548
16665
23878
59742
20883
-5600
-4082
50431
90295
14516
43636
67954
72523
32810
60532
18468
31309
98779
46361
8531
9390
-4422
76964
27002
93693
27878
27732
99735
70604
19248
34877
93506
66149
1573
44141
93129
2823
53135
98576
99815
6761
-262
14726
38637
99717
56774
52867
8219
29607
60040
88056
92274
8228
22244
43680
12452
78151
30878
58929
48036
30594
21986
1853
9282
62025
49707
56228
94290
63942
-3702
45946
70468
11147
54847
48134
-7301
50302
14975
36911
33515
78493
21592
66536
-830
77597
-8963
28860
82975
91635
61695
36815
79433
9854
15639
2051
37361
18471
-1799
-158
69241
-1480
-5275
55326
71250
-2967
-3746
37084
94939
-6477
3732
49644
95719
22187
94691
74460
54473
37738
75340
17231
92957
97952
61235
33354
63640
53039
23716
-5269
68677
29417
64000
20600
5945
45814
3324
19884
47697
92356
-6680
38887
58912
44905
27201
40773
19293
-8669
22921
26619
-8301
34918
47820
93947
-173
43636
28219
89865
55872
75042
34567
13107
1759
42668
34556
46036
26786
83042
38283
84659
19701
76813
19265
57581
33650
33595
43724
80661
50516
69342
37492
20033
67843
40675
31516
-517
-1100
18116
22620
93483
12283
76594
36004
74027
50147
93201
-3213
52537
44848
90949
14825
96246
63572
1366
95865
31376
78275
84700
63409
72076
27096
45983
72761
44667
41319
10520
11603
64542
68146
-8131
93340
79022
40571
52941
88273
14257
9210
26575
98505
88201
76796
93084
52283
-1869
95294
79137
64375
73603
46419
1545
63136
58337
36044
27421
23684
-9096
81898
8502
61963
65900
-2635
26666
25832
26945
51292
67505
81291
77894
38073
80478
97423
68953
90919
-6700
35823
35337
86761
52571
72872
74492
30676
84671
65021
2768
44387
3914
23724
58775
49921
30037
14622
39718
98946
20845
41481
81695
42436
11112
37007
-1574
15808
34419
19112
45106
28684
54687
82435
29524
46026
97021
99085
71870
35461
30611
8341
84063
86635
18321
75765
52395
17926
-2234
50877
34194
60375
-3109
11385
54860
39682
56153
89112
57955
81375
99892
14695
43282
18025
97041
38110
26178
72865
58852
94149
44835
2370
58303
36815
46717
53819
98748
40602
2489
49179
2405
69077
45598
38644
42685
66003
57327
37472
38749
64414
58986
61945
45645
36019
71021
-3509
-4410
19578
48916
9816
32761
97429
34404
65571
70095
50444
11696
83784
58165
93418
25376
84333
43733
99668
5396
24461
12209
81900
60714
29528
96779
18723
42399
90022
85519
14440
16379
19882
1143
76493
28106
83197
6302
-6286
38385
17288
35230
43318
51968
75606
2666
80072
42995
81450
50057
13520
31928
6230
80178
94240
65718
22761
88138
64373
68374
29486
20352
96910
23447
75857
-3846
57407
60371
25455
3361
99222
4912
81731
4832
22929
99898
13737
93712
40388
62694
18504
6481
46126
62946
996
45398
13361
48751
24523
46909
24156
27733
2094
48916
60223
89870
68999
-4886
70033
63302
-4592
72065
16735
53500
80473
59770
58912
99431
59867
6277
32790
91447
-4227
60138
12253
93086
68584
-9146
26279
23991
32402
90930
-286
62559
30231
23107
32551
10828
93285
63110
63147
-1815
3850
25930
14914
79826
57630
30799
90652
6488
7603
57807
7718
10790
734
-353
74972
18276
70179
60620
24502
37004
18185
52170
18888
98274
86852
82214
56905
42362
91897
10949
11298
36251
-362
41868
65137
84449
37211
84011
-9597
82687
1949
94478
95265
95789
29038
55894
31561
-9230
61283
92763
92182
96199
57299
83308
18286
42833
40854
45810
16158
82336
20684
5850
75434
20652
53319
36731
91819
96181
92909
48341
76494
96002
82826
56629
31342
942
93256
-9701
50569
75555
-1354
37617
2903
26835
4190
92876
96174
64649
23437
58907
21148
22268
64356
87461
21100
8610
-4784
92761
58922
34323
77936
40806
95920
31515
72110
64859
30481
67026
-9790
52952
19134
86207
67101
-4258
31406
13842
99877
2396
48946
73096
8073
1058
84348
56098
22704
43732
21730
46809
47363
93516
95032
74144
76492
-4105
47069
97006
88944
64386
38447
89024
29640
-8435
1087
24173
74988
49252
-9592
37584
5025
76462
17419
19554
38218
12319
78717
63092
22693
81147
9192
65771
4596
34706
-4505
-3554
25577
36426
92445
64857
56519
46185
32984
60210
65399
37158
96043
25462
50495
1686
51220
99254
17467
32050
-8597
82359
628
63767
3885
97952
7342
66837
28534
7106
24404
2117
65525
30890
77263
19920
-64
91536
2514
61494
89917
2703
-5221
92947
69437
65635
13553
25269
46684
30482
46361
70977
50744
38418
-7651
42037
-7781
49202
17269
72701
63551
39660
83223
35286
91505
36851
67658
13201
26846
51655
97714
72988
98997
-1782
74688
35086
-3738
55739
7901
24049
78632
40227
28342
39061
50472
93404
5755
82082
24983
16900
3256
1996
34292
61679
37453
-1367
21536
39570
54052
37955
72094
-4674
79480
6244
87521
-3621
69734
8095
92766
40073
50393
53472
68118
74035
58703
-6235
97580
90455
41717
13980
30395
18368
31847
47899
94648
23246
64171
73569
34038
80125
72371
25115
78111
6509
88310
83405
-3849
95035
73320
2534
26152
57883
81693
74390
40406
91958
42457
75606
83908
86946
-4460
41044
-6376
77299
47944
57482
47736
38967
46172
73720
74923
-5343
71306
18714
24286
2421
73926
12235
86056
28903
45725
22326
58489
31358
10270
9516
81720
97763
2134
90472
-3726
17737
56630
45581
48411
43413
82667
99969
12750
99408
67148
46186
-4365
30788
51890
-6359
-8059
-3843
68135
97296
82222
47294
30725
37389
43444
-2178
56539
80652
4824
84960
54829
64077
81517
46179
22309
23324
50718
83277
93795
-2449
96740
81336
89479
54716
47317
19275
91655
5287
-4693
82855
69112
19668
32114
74385
56478
-2957
10261
8975
23330
74829
80471
94808
-1873
49063
971
29735
10526
2085
58860
39857
35901
44848
66090
38735
6392
84809
33858
68443
47682
-8829
39284
71874
81239
16858
26046
31074
85078
17309
60652
85615
28510
47987
61811
8750
1630
57711
67606
88219
79975
11064
61318
30506
52671
76033
94766
61421
5740
76808
67455
4105
8824
42521
7753
9969
9308
67169
82748
33924
53400
-1073
44682
92784
49982
71797
2034
82841
85666
27663
96338
-1451
71829
63229
83296
61407
-7308
26300
80102
92943
60118
76038
78747
23170
5092
15456
97795
24826
-5051
29275
33124
50132
64661
50363
44201
79886
75428
84640
-4767
39683
864
21930
17877
84398
43213
75855
43802
76780
47038
40931
8200
43896
37734
82128
5370
96577
94048
73662
-3281
3256
75090
20771
34925
59675
91441
78076
22744
51948
29800
33902
-6968
87814
23945
98274
84608
79875
85106
39407
87514
63658
-3682
59647
44456
68530
6321
97356
32923
93725
73619
54699
47368
66412
65186
99253
52734
94702
-7710
9835
5687
84754
42213
86385
44673
-1116
-7135
73927
8113
67031
86545
57555
63006
15127
80940
39442
32054
86365
43746
52474
42841
69941
41015
19747
44213
71951
38743
39085
65779
21148
42901
78426
73352
57991
98247
33278
32369
54963
43511
19692
3359
23244
34066
1523
32378
11954
13179
12336
72335
8231
-920
59867
43307
87713
46659
162
78396
11359
64214
36229
71528
-2456
28400
17962
21135
32319
95976
91960
23595
41033
93079
49004
40634
67497
40977
-3227
99875
41401
506
-1144
28317
99576
-2113
53868
32300
-3753
92511
59479
65118
30728
35324
11486
48198
75422
57412
20045
99937
24637
19491
38569
55545
31261
94435
45257
54520
67413
49358
98673
41291
55881
41649
93407
15744
35651
56089
44549
74451
-2347
-6313
-4791
99720
45551
78943
12863
19525
14119
79176
-9248
38014
48858
14174
21288
97426
66868
82321
74015
44446
-9959
59840
16809
64135
71019
47422
31601
92176
91609
19804
1829
70510
16554
-858
-3619
68559
77835
-2788
-9481
86526
65563
66155
27807
61852
67267
85997
3853
79023
75140
62920
10626
89961
-5953
92639
91009
51446
85283
44546
90828
42786
1663
81507
-5536
90465
63422
65569
10372
82291
2811
-972
65395
-389
59457
85668
54797
-9753
56426
93851
60006
13163
8106
30947
81001
69453
65053
53899
27558
85694
22242
39129
36739
73120
325
8289
85099
60848
57081
-2585
89550
22243
6240
-2547
68862
60356
28629
96673
579
73231
77588
20686
24502
89337
52068
-1568
-3733
11872
10044
3064
-6809
73967
97981
45151
10293
39061
9612
3154
1480
83652
3821
3075
67108
-3006
56494
80197
